101	1044	4	15.54
124	757	3	18.83
204	276	4	30.9
1280	14	6	17.22
120	148	5	10.67
285	14	12	8.35
333	133	3	15.35
945	14	5	7.81
190	157	9	62.66
648	155	5	46.58
976	14	4	4.37
57	152	4	6.8
103	258	4	7.44
103	325	3	5.86
107	1496	3	18.14
103	460	3	8.14
214	14	14	5.03
129	286	3	13.15
1174	14	5	11.14
183	14	25	15.77
123	320	4	19.45
101	715	5	17.13
110	101	118	229.06
110	247	3	7.13
1559	12	4	29.26
748	108	3	13.9
101	278	7	13.17
239	302	3	24.02
526	14	8	10.63
354	108	3	8.78
854	120	4	27.65
1308	102	3	12.62
493	14	11	21.39
116	414	3	13.45
812	116	4	27.22
152	911	3	26.17
109	138	18	49.31
130	334	3	14.86
274	101	9	21.31
122	137	4	5.5
1872	14	3	7.14
155	102	42	171.52
112	195	4	10.67
102	696	4	14.44
119	386	4	20.14
145	1360	5	54.67
124	248	7	36.78
317	122	5	26.41
794	14	8	18.27
2617	14	3	11.31
110	427	4	17.45
193	107	4	6.85
157	131	4	11.25
212	1643	3	35.79
107	931	3	15.08
124	219	4	14.64
119	439	3	14.2
102	637	3	8.45
120	608	4	24.41
342	111	4	16.58
115	186	4	10.59
851	14	5	6.64
1937	106	3	21.62
597	108	4	18.96
1581	120	3	24.07
109	377	5	20.94
1043	518	6	92.43
584	110	7	45.79
1811	14	3	5.24
213	102	7	12.78
112	224	3	7.79
104	410	3	7.95
104	462	4	14.17
136	145	10	42.98
112	180	3	5.34
104	260	7	22.48
242	224	3	21.33
101	1510	3	11.65
145	287	3	16.05
1531	12	3	19
151	214	4	22.1
1661	14	3	5.24
669	14	5	4.86
148	463	3	20.94
154	122	4	8.82
101	289	5	6.96
109	1964	3	22.28
102	1221	4	19.9
538	106	6	32.24
111	193	3	5.54
176	153	5	25.68
109	634	3	12.94
159	154	6	31.42
130	745	6	51.51
1309	14	4	6.51
258	14	13	8.44
107	354	6	25.71
355	106	3	8.55
875	14	7	15.17
107	558	6	32.83
3121	14	3	11.31
118	130	5	5.28
299	115	3	11.03
12	453	12	80.07
103	366	7	27.19
307	14	13	13.58
117	187	3	6.66
1809	101	3	13.16
125	1230	3	23.17
2190	14	3	7.14
102	409	3	5.68
106	899	3	14.79
123	175	4	11.01
132	115	8	14.8
102	153	35	120.49
571	202	9	107.63
1107	14	6	14.29
1000	222	3	32.18
120	178	3	6.1
58	147	4	8.26
1498	103	3	15.58
102	1486	3	13.81
103	115	68	196.1
57	117	26	77.76
1706	14	3	5.24
2899	14	3	11.31
151	527	3	22.06
157	210	4	22.87
101	498	6	18.25
2483	12	3	25.67
1741	14	3	5.24
105	312	10	46.74
105	237	7	21.03
110	189	3	4.53
133	172	5	18.88
1492	14	3	3.98
2598	14	3	11.31
403	158	4	30.91
109	172	19	81.05
966	411	3	36.78
410	14	11	15.72
2631	14	3	11.31
1399	14	3	3.98
841	14	5	6.64
805	139	3	23.07
207	107	3	4.13
304	103	3	5.31
321	101	8	20.67
110	124	20	43.36
310	106	3	7.47
203	102	6	7.91
101	326	8	21.28
102	755	3	9.5
957	102	3	10.83
157	161	4	18.12
1139	101	3	10.48
130	1429	4	36.77
105	150	17	47.35
213	138	5	26.35
1222	14	5	11.14
2854	106	3	26.09
106	1906	3	21.62
103	203	11	32.34
107	1362	4	27.6
102	1437	3	13.81
106	688	3	12.83
101	920	4	14.34
107	600	3	12.11
2094	14	3	7.14
926	120	4	28.74
1193	14	4	6.51
162	153	7	38.43
183	1	3	7.27
12	108	24	14.63
115	1090	4	29.48
107	345	4	13.72
533	107	5	24.39
125	360	3	14.79
109	652	3	12.94
865	14	8	20.83
1359	14	6	22.63
124	546	3	16.75
205	739	3	28.97
101	218	14	35.04
101	262	18	68.72
133	154	3	7.12
133	206	3	10.56
109	154	15	49.12
109	206	3	4.42
701	106	5	27.37
2308	12	3	25.67
1291	110	3	18.38
115	141	7	15.38
342	140	3	17.35
150	153	3	10.08
178	14	40	53.21
106	182	4	5.4
2042	14	3	7.14
516	12	5	23.23
537	14	8	10.63
106	627	4	18.98
713	141	6	54.82
276	107	3	6.7
146	103	15	28.09
57	136	30	139.07
103	138	16	26.63
264	102	5	9.23
1614	14	3	5.24
226	106	3	4.92
2	112	30	103.99
101	655	3	6.45
101	775	4	12.43
121	746	3	18.46
1434	14	5	13.78
138	149	3	7.76
445	14	8	7.93
1376	14	3	3.98
102	474	8	34.41
370	121	3	13.41
147	124	3	4.15
128	1568	3	26.41
135	236	3	12.93
796	12	3	13.65
1405	14	4	8.11
2669	14	3	11.31
103	293	3	4.98
1065	106	3	15.63
329	102	4	7.84
1346	124	3	23.35
130	609	3	18.82
12	521	4	16.57
153	254	6	42.21
1338	892	4	64.97
571	139	3	20.76
599	14	11	27.93
132	173	23	162.3
1524	14	5	18.86
1538	193	3	34.61
143	122	11	37.67
1633	14	4	10.41
227	290	6	55.71
1002	12	6	42.43
101	425	4	7.52
101	561	3	5.64
373	107	6	26.25
1209	21	3	19.01
12	2297	3	25.67
122	21	9	8.87
267	105	5	13.68
3007	14	3	11.31
213	115	14	82.71
787	137	7	67.45
109	241	41	358.47
507	102	4	11.43
919	14	4	4.37
2235	14	3	7.14
263	14	28	67.57
104	192	9	23.36
112	358	3	11.93
101	1374	3	11.65
113	134	11	26.2
103	1061	3	13.39
113	270	4	15.4
131	276	4	19.75
101	245	13	36.49
101	305	12	39.99
671	672	8	128.31
403	101	3	3.88
133	110	9	12.69
1029	108	3	16.14
12	726	7	45.63
121	333	3	12.92
451	101	4	7.9
202	108	11	41.65
454	356	13	191.15
290	109	3	7.35
102	650	3	8.45
102	958	3	10.83
1120	14	4	5.31
286	110	4	13.11
154	182	3	13.1
466	102	3	6.53
151	211	3	14.59
1071	14	5	9.26
101	1455	5	27.57
104	217	5	9.79
198	21	5	13.74
102	1724	3	15.35
113	147	9	25.6
665	14	11	30.99
379	163	3	21.01
519	14	8	10.63
158	179	4	19.99
107	161	10	26.01
147	171	4	16.92
370	105	3	7.6
102	273	4	6.03
132	102	37	80.56
2481	110	3	27.87
103	102	183	399.54
340	122	4	20.18
771	14	7	13.3
156	499	3	22.47
1833	12	4	34.24
104	986	5	28.74
152	162	3	11.25
1289	101	3	10.48
218	107	3	4.76
57	213	11	57.84
117	398	3	13.24
1757	14	3	5.24
828	14	6	10.49
1419	14	5	13.78
432	14	7	4.78
187	107	5	9.7
518	1830	3	45.52
1929	107	4	35.19
461	687	3	35.74
1684	14	3	5.24
12	122	10	5.21
104	683	7	41.24
101	2054	3	15.32
2	113	10	15.5
135	210	9	56.01
1134	298	3	35.99
649	101	3	6.45
507	138	3	19.49
106	1128	4	25.31
104	246	7	21.03
1034	14	4	5.31
105	134	11	11.27
119	525	3	15.29
1320	12	4	26.65
101	395	4	6.83
131	560	3	18.36
2245	14	3	7.14
1224	108	4	25.99
231	12	4	8.38
887	12	6	39.99
252	14	18	20.09
104	348	5	16.62
1217	303	3	36.19
185	110	3	4.25
263	396	4	38.78
345	14	10	9
104	430	4	13.29
150	325	3	18.66
314	14	10	6.61
154	151	3	10.44
174	12	7	14.18
110	232	3	6.63
105	522	5	22.2
205	738	3	28.97
131	176	3	8.22
106	541	4	17.68
101	217	8	11.6
101	320	9	25.52
113	121	12	21.51
112	466	3	13.71
565	101	4	9.76
1099	14	4	5.31
135	132	16	71.49
1749	14	3	5.24
135	284	3	14.48
117	138	5	7.77
308	124	4	19.18
189	700	3	27.39
520	14	7	7.43
102	350	3	4.77
1589	12	5	42.8
102	248	6	11.64
1820	14	3	5.24
276	106	4	10.72
264	101	13	40.24
121	1641	3	24.55
101	1796	4	21.39
1861	12	3	21.2
57	135	15	47.99
57	271	3	10.03
811	12	10	85.66
318	2219	3	41.89
241	150	5	31.9
132	124	5	7.08
1391	14	3	3.98
1648	14	4	10.41
582	14	6	6.14
107	118	22	35.23
111	150	10	28.62
678	12	5	26.69
671	1941	3	47.46
112	359	6	32.73
109	242	12	57.61
110	127	11	16.23
109	1513	4	28.09
115	349	3	12.32
101	246	15	46.89
1214	14	6	17.22
103	1649	3	17.13
216	151	4	22.1
144	133	5	13.29
101	424	5	11.55
101	500	4	8.76
104	1216	3	15.15
873	14	7	15.17
12	2298	3	25.67
105	167	7	11.55
105	251	3	4.87
109	360	4	14.52
643	107	10	74.08
136	130	7	19.21
335	115	4	18.47
1952	14	4	15.09
406	106	8	42.05
1313	12	5	37.42
984	14	4	4.37
104	262	5	12.73
953	14	4	4.37
1933	14	3	7.14
198	110	4	8.61
109	487	3	11.24
915	120	3	19.39
175	14	38	44.63
2006	14	3	7.14
106	151	8	13.84
199	129	3	9.74
121	406	13	108.04
680	103	3	10.63
104	1677	3	17.91
101	940	3	8.74
501	14	7	6.66
265	172	4	27.68
108	337	3	8.55
1042	111	3	18.15
103	101	85	34.73
2	457	3	15.42
111	199	4	9.64
111	283	4	14.08
2	125	6	8.55
700	116	5	34.56
140	667	3	21.59
786	14	5	5.67
1829	14	3	7.14
117	172	11	47.57
351	14	11	11.8
1230	137	4	37.16
219	186	3	17.89
102	444	4	10.52
102	392	11	50.7
123	160	7	24.5
681	105	3	11.82
121	823	3	19.12
172	107	55	378
12	2	19	27.14
107	253	14	72.19
2705	14	3	11.31
135	209	3	11.62
450	14	10	14.39
1369	14	4	8.11
109	789	4	21.42
937	101	4	14.34
201	107	11	40.9
1586	141	5	59.49
710	14	6	7.97
677	14	6	7.97
168	111	8	24.55
12	434	5	21.29
485	101	8	29.83
1605	101	3	13.16
101	446	3	4.38
101	598	6	20.97
157	121	4	8.87
115	139	4	4.68
296	120	9	54.72
224	108	4	8.84
1195	14	5	11.14
127	304	3	13.53
110	361	3	10.18
109	458	3	10.88
2979	14	3	11.31
497	106	4	16.58
2105	14	3	7.14
518	101	3	5.28
101	1217	3	10.48
104	425	7	31.9
113	105	80	281.44
113	167	5	12.44
106	1129	3	16.63
104	245	4	7.79
140	157	3	8.92
883	14	8	20.83
918	14	8	24.23
101	343	6	13.37
101	192	7	6.05
117	206	3	7.59
334	14	8	4
1262	14	7	26.4
163	108	4	4.41
302	14	16	22.35
12	541	3	11
107	470	4	16.47
1112	14	4	5.31
111	373	3	10.92
103	324	4	9.94
1128	14	4	6.51
543	103	3	9.23
122	274	3	11.31
1026	101	4	15.54
164	329	3	20.06
1451	108	4	27.88
181	2662	3	40.27
1734	14	4	10.41
1818	108	5	44.35
657	14	5	4.17
1705	14	4	10.41
206	208	3	18.33
106	165	5	6.73
246	697	3	30.51
124	351	4	20.43
405	14	9	9.21
1464	14	3	3.98
1823	14	3	5.24
110	102	40	30.16
500	110	4	18.86
179	253	3	18.81
1493	14	4	8.11
196	290	3	21.39
744	14	8	18.27
102	1815	3	15.35
101	1406	3	11.65
284	118	14	97.04
129	711	3	19.78
101	1389	3	11.65
1794	14	3	5.24
2522	12	3	25.67
111	858	3	16.55
113	149	8	22.71
118	1101	3	20
608	222	4	40.36
12	965	3	14.38
157	132	6	22.15
598	594	3	36.36
886	119	3	18.44
131	583	3	18.82
119	542	6	41.12
684	14	7	11.75
1676	14	3	5.24
335	102	5	12.26
102	2066	3	17.53
1527	14	3	5.24
1440	154	3	29.73
57	109	70	266.03
108	139	8	10.24
2099	14	3	7.14
2130	14	3	7.14
404	102	6	19.61
906	108	3	15.29
1579	101	3	13.16
1017	355	7	105.87
101	953	3	8.74
641	101	3	6.45
143	109	11	22.13
103	1123	4	20.77
102	595	8	39.81
1183	108	3	17.14
12	198	4	6.19
907	133	5	44.01
105	948	4	21.17
273	14	20	32.58
129	130	9	25.06
257	2507	3	44.47
437	266	3	28.25
473	122	4	23.02
1945	14	3	7.14
254	12	3	5.52
111	134	11	21.7
973	14	9	33.95
142	1274	3	26.27
320	14	23	62.15
168	140	4	15.54
1310	141	3	26.11
586	107	3	12.11
940	14	4	4.37
2050	14	4	15.09
1061	14	5	9.26
108	472	4	16.74
1666	106	3	19.41
1173	14	4	6.51
186	14	32	35.84
135	121	5	7.86
57	437	6	36.67
118	1229	4	31.19
106	900	3	14.79
1138	14	4	6.51
219	14	27	39.24
167	173	4	20.23
625	12	11	83.13
144	335	4	25.66
604	14	6	6.14
342	365	4	41.38
115	566	3	15.52
179	118	13	63.13
755	108	6	38.19
1442	14	3	3.98
112	166	7	20.93
141	160	3	9.38
105	162	7	11.06
1151	1134	7	140.87
422	141	3	18.83
243	138	3	14
542	1314	3	42.13
101	567	9	39.51
101	499	4	8.76
102	771	4	15.24
115	155	3	4.47
224	122	3	9.36
583	110	3	13.53
336	101	4	5.67
101	410	6	15.5
112	265	3	9.53
112	145	10	27.56
101	1233	3	10.48
1775	14	3	5.24
253	122	4	16.32
185	102	12	26.19
453	14	9	11.95
497	120	4	22.65
2554	14	3	11.31
109	398	3	9.67
1518	14	3	3.98
591	14	6	6.14
104	289	3	5.47
101	260	6	9.04
321	102	3	4.21
210	132	5	23.3
1530	12	3	19
737	740	4	56.13
2001	108	4	35.47
398	107	14	94.7
330	181	3	21.49
365	107	4	14.06
129	315	3	14.12
129	164	8	34.48
268	108	3	6.74
101	1933	3	15.32
57	384	11	80.15
999	14	5	9.26
103	534	3	8.84
222	14	24	29.87
2210	14	4	15.09
107	1210	4	25.7
404	138	3	18.13
666	107	7	43.81
115	664	3	16.46
187	120	3	6.87
495	107	3	10.89
874	14	7	15.17
103	1367	3	15.58
107	333	5	19.05
1951	14	3	7.14
1314	12	4	26.65
222	361	3	24.71
104	635	5	23.91
279	14	14	12.61
117	140	9	24.07
129	167	4	12.07
247	194	4	29.04
222	110	7	25.39
143	133	3	5.26
102	170	43	200.36
106	2472	3	26.09
120	197	3	7.45
12	507	3	10.22
101	399	6	14.92
1510	14	4	8.11
583	14	6	6.14
1426	108	4	27.88
247	1975	3	39.49
1649	14	3	5.24
1540	14	4	10.41
548	14	10	20.27
679	12	4	19.18
698	14	5	4.86
569	12	6	32.47
112	210	7	28.67
104	294	12	56.73
196	102	6	7.44
1392	14	5	13.78
2578	14	3	11.31
332	106	3	8.09
216	107	5	12.41
167	201	4	22.84
101	219	9	14.89
133	311	4	21.97
154	107	8	15.84
230	101	5	4.54
107	746	6	37.77
130	2711	3	33.28
368	14	16	32.44
2605	14	3	11.31
109	311	5	18.5
141	101	31	56.72
1748	14	3	5.24
539	133	5	37.33
122	159	3	5.63
122	310	3	12.43
111	1094	3	18.15
663	14	5	4.17
2712	108	3	26.6
106	200	4	6.85
299	169	6	48.82
1813	107	3	19.71
675	111	3	15.3
303	108	3	7.56
523	122	3	16.14
431	102	3	5.95
103	176	6	7.67
169	158	4	19.31
104	1041	3	14.16
237	153	3	15.96
110	638	4	21.29
932	14	6	12.16
132	378	3	15.95
850	101	3	8.05
884	14	5	6.64
375	111	3	11.17
135	358	11	94.25
125	276	12	86.39
1593	107	3	19.71
101	1708	3	13.16
102	192	17	52.44
244	110	3	7.13
12	133	11	12.82
147	14	91	184.09
1194	14	4	6.51
101	686	3	6.93
143	507	6	49.79
496	106	5	23.21
990	14	5	7.81
109	698	5	28.47
1135	477	6	94.78
601	14	8	13.03
421	108	3	10.1
1635	14	4	10.41
151	254	3	16.44
275	119	4	16.28
1668	14	3	5.24
327	102	3	4.38
1403	14	4	8.11
813	14	6	10.49
206	102	5	5.32
577	110	8	55.37
141	124	11	37.66
436	164	5	42.95
104	518	3	9.57
844	14	5	6.64
1773	14	3	5.24
2706	14	3	11.31
109	380	8	42.03
155	244	3	16.93
104	563	3	9.97
136	162	4	13.49
112	131	16	44.85
104	351	5	16.62
262	103	3	4.26
901	101	4	14.34
101	444	5	12.07
350	14	10	9
733	12	4	20.01
618	14	6	6.14
286	155	4	26.53
2839	14	3	11.31
500	14	8	9.63
1620	14	3	5.24
1148	123	5	44.38
392	163	5	41.17
113	103	25	25.39
1697	14	4	10.41
1457	128	4	36.56
1167	14	5	11.14
104	815	3	12.59
558	106	3	11.39
2910	14	3	11.31
163	12	5	6.05
585	101	4	10.33
352	124	3	13.52
101	703	3	6.93
102	379	14	72.32
107	255	6	20.13
326	14	13	16.25
1254	14	5	11.14
101	1040	3	9.53
983	14	4	4.37
114	550	3	15.43
134	187	3	9.62
294	14	10	5.21
2240	133	3	29.29
12	999	7	53.94
105	130	19	33.2
127	163	6	21.56
130	1401	3	24.98
317	178	3	20.87
12	2335	3	25.67
101	459	7	22.85
118	693	4	25.54
119	1146	3	21.06
252	21	3	7.83
514	2001	4	66.98
101	1304	3	10.48
274	14	14	12.61
1324	14	4	8.11
453	123	3	15.55
2674	119	3	30.58
772	137	4	32.32
109	191	20	98.92
102	1713	3	15.35
144	109	11	22.26
101	279	9	21.31
2129	14	4	15.09
161	115	6	17.06
133	191	3	9.82
1001	12	5	32.3
101	712	3	6.93
718	14	5	4.86
194	106	5	10.07
1642	14	4	10.41
135	1417	3	26.28
120	573	3	16.36
183	101	9	9.38
330	107	6	24.71
2	225	11	64.95
2400	14	3	11.31
102	1307	3	12.62
685	14	7	11.75
163	106	5	6.57
312	106	3	7.47
1795	14	3	5.24
108	124	20	36.16
129	371	3	15.28
285	101	5	6.71
168	102	15	34.04
1822	14	3	5.24
1463	14	3	3.98
209	253	3	20.92
1198	107	5	35.67
2219	106	3	21.62
661	108	6	35.45
129	590	4	27.61
1494	14	5	13.78
477	14	7	6.66
117	159	4	8.45
117	111	50	192.96
103	566	3	9.23
103	362	3	6.5
547	141	3	20.7
232	107	3	5.38
2	341	8	52.92
180	2815	3	40.02
102	381	9	35.89
123	101	65	128.39
656	14	5	4.17
12	335	5	17.93
742	447	3	36
101	188	19	48.28
1891	108	3	22.13
327	110	3	9.49
216	133	4	17.35
161	127	5	16.2
133	176	3	8.68
848	107	3	14.34
198	14	32	44.73
270	148	3	16.59
1129	14	6	17.22
440	102	10	47.47
2952	14	3	11.31
104	409	4	12.89
104	581	5	23.02
960	14	5	7.81
122	1	5	4.46
318	501	4	43.47
105	233	3	4.29
171	105	12	33.29
184	169	7	46.75
106	148	9	16.51
1296	14	5	11.14
1053	128	3	22.58
130	418	4	24.5
109	169	10	29.43
188	120	5	16.34
256	14	17	17.94
121	134	9	21.35
105	164	8	14.59
621	101	3	6.45
105	240	3	4.51
104	1305	4	23.31
1033	14	5	9.26
3116	108	3	26.6
663	111	3	14.77
1238	14	4	6.51
122	14	98	48.27
654	101	4	10.96
1703	318	3	39.66
169	171	3	13.77
113	965	3	18.68
108	220	5	12.91
590	14	6	6.14
2813	14	3	11.31
1624	14	4	10.41
109	1073	3	16.29
1549	14	3	5.24
1123	101	3	9.53
1303	107	7	61.61
118	150	4	7.07
101	1077	3	9.53
107	180	11	35.05
316	103	4	9.66
101	754	3	7.46
123	124	14	36.82
101	821	9	52.82
123	226	6	27.81
101	618	3	6.03
1414	14	3	3.98
857	14	6	10.49
142	207	4	18.93
135	224	3	12.3
111	145	14	43.01
2	322	3	12.9
117	201	4	12.01
109	834	3	14.7
2761	14	3	11.31
1441	14	4	8.11
149	102	37	126.41
101	771	5	18.2
261	200	3	20.88
102	415	3	5.68
102	499	5	16.66
306	180	4	29.92
250	107	5	14.71
143	335	6	43.82
118	312	8	47.61
101	921	4	14.34
499	14	6	4.17
736	128	11	121.83
638	14	8	14.5
397	128	4	23.47
348	108	3	8.78
623	133	9	85.58
108	247	4	10.14
108	101	169	379.57
492	700	3	36.12
1172	14	4	6.51
220	14	28	44.29
105	211	4	6.54
1091	14	5	9.26
602	106	9	60.21
102	616	6	25.25
101	512	4	9.24
845	106	3	14.05
110	295	3	8.51
110	175	5	10.28
161	157	8	47.66
974	14	4	4.37
207	108	24	135.63
1134	108	4	25.99
939	14	6	12.16
2045	120	3	26.29
1855	101	3	15.32
109	140	7	8.38
121	167	8	30.03
133	140	8	27.62
228	14	15	8.69
1237	14	4	6.51
104	1258	3	15.15
2114	14	3	7.14
115	203	3	7.37
184	141	7	37.77
1342	105	3	16.81
171	147	20	154.09
141	127	8	25.39
122	275	3	11.31
252	110	3	7.27
112	344	5	24.81
109	955	3	15.44
160	973	5	52.24
847	108	8	61.03
180	106	5	8.24
211	697	3	28.92
103	327	3	5.86
455	167	3	22.84
102	229	10	27.43
102	289	13	52.08
572	12	5	24.8
209	161	4	23.2
449	198	3	24.89
1516	14	6	22.63
12	542	5	23.98
593	14	7	9.3
386	1105	6	87.82
1781	14	3	5.24
852	14	6	10.49
2303	1151	3	55.9
459	14	7	5.96
1101	107	3	15.93
149	124	4	8.19
158	131	9	40.07
102	441	9	40.19
57	404	3	13.09
176	244	9	77
156	219	3	15.61
104	754	3	11.95
163	107	4	4.21
1810	14	4	10.41
810	12	3	13.65
424	14	7	4.78
878	122	3	19.3
2587	14	3	11.31
135	166	4	13.69
1477	14	3	3.98
111	195	14	68.06
125	380	3	15.06
103	415	3	7.25
117	311	3	11.56
132	363	3	15.69
1448	14	3	3.98
389	14	17	42.2
149	189	9	59.42
123	102	16	6.4
102	278	6	13.39
107	352	3	8.59
107	504	3	10.89
527	14	9	14.32
227	102	10	26.98
1689	14	3	5.24
153	347	3	19.45
1612	14	5	18.86
2182	128	3	28.64
166	133	3	7.92
309	157	3	19.07
1412	102	4	21.77
1096	14	4	5.31
297	108	24	177.71
112	121	16	35.14
103	616	3	9.65
1225	865	3	43.68
121	470	5	31.01
680	161	3	25.29
946	14	4	4.37
475	101	9	34.97
101	1392	4	18.84
119	1563	3	23.87
975	14	6	12.16
105	1251	3	15.6
101	412	5	11.07
124	343	3	13.52
908	12	4	22.01
1943	14	4	15.09
353	111	4	16.58
2226	14	3	7.14
1360	14	4	8.11
866	14	5	6.64
112	167	3	4.53
136	134	3	4.32
101	1183	4	16.99
104	459	3	8.86
101	1259	3	10.48
102	1994	3	17.53
113	589	3	15.66
104	279	9	34.74
113	129	16	46.18
669	123	4	26.98
114	836	4	27.01
110	139	21	71.12
2213	108	3	22.13
377	102	4	9.03
1830	1151	4	75.41
102	1091	3	11.65
12	150	5	4.43
690	14	5	4.86
102	463	3	6.53
102	411	3	5.68
101	755	5	18.2
177	111	19	95.32
135	179	9	48.66
721	14	5	4.86
104	712	4	17.76
700	12	3	12.43
491	153	3	21.92
1502	14	6	22.63
139	548	3	20.31
325	107	5	18.66
117	185	4	10.65
109	818	4	22.36
103	186	5	6
107	1196	5	35.67
169	102	8	9.58
258	123	6	30.47
469	14	11	19.74
102	207	46	279.66
1792	14	5	18.86
299	111	3	9.41
105	2604	3	25.03
205	456	3	25.65
119	1019	5	40.44
1491	14	4	8.11
134	102	14	9.4
250	106	3	5.74
105	2109	3	20.57
411	14	9	9.21
108	102	29	5.36
2	171	6	20.47
57	455	6	37.44
2900	14	3	11.31
655	14	8	14.5
1707	14	3	5.24
114	159	11	43.55
128	200	3	9.76
1470	128	6	66.33
172	122	4	10.54
57	1148	3	20.57
102	362	14	70.56
158	210	3	15.55
174	240	6	45
674	101	3	6.93
109	1422	4	28.09
161	158	3	12.05
102	923	3	10.83
131	115	9	17.6
113	286	6	28.85
1077	14	4	5.31
211	565	4	39.23
2066	14	3	7.14
101	1426	3	11.65
104	188	8	18.31
391	145	3	18.57
716	103	3	10.63
253	178	3	18.65
166	167	3	12.78
109	473	9	55.59
125	820	3	20.54
924	14	4	4.37
112	216	3	7.57
290	133	5	28.48
107	959	4	22.95
281	115	12	77.94
336	14	9	6
101	409	8	25.73
184	140	3	11
115	154	4	7.62
708	107	4	20.11
1108	1650	3	48.14
243	176	6	45.77
146	105	16	37.61
125	169	7	28.7
1318	14	3	3.98
180	120	7	25.61
920	14	6	12.16
229	14	13	5.46
120	130	7	11.48
1997	14	3	7.14
118	251	4	15.15
112	2112	3	25.23
103	1368	3	15.58
102	349	5	12.65
1003	12	4	23.26
114	306	10	63.21
109	717	3	13.47
111	164	4	6.57
196	101	10	14.98
113	179	4	9.52
683	14	5	4.86
1663	14	4	10.41
242	209	5	39.88
102	938	3	10.83
144	122	11	37.81
1632	14	3	5.24
426	108	13	89.72
3071	107	3	26.39
121	118	118	812.07
12	1014	3	15.23
148	226	3	14.97
101	2806	3	19.74
105	145	6	4.11
119	572	3	16.16
465	12	3	9.87
1766	14	3	5.24
102	606	4	13.07
1375	14	4	8.11
157	166	3	12.06
816	14	10	37.72
122	155	3	5.33
112	253	3	8.93
112	149	12	42.2
112	209	12	62
415	14	7	4.27
14	2	112	77.52
101	1120	3	9.53
112	162	3	4.33
111	916	3	17.29
130	302	4	20.76
738	12	6	36.35
238	111	7	29.3
353	14	12	14.92
2590	14	3	11.31
225	237	3	21.3
116	189	8	32.78
141	102	10	6.25
1433	14	3	3.98
120	797	3	18.64
1720	108	3	19.92
115	102	34	37.98
224	335	4	34.97
106	283	4	10.94
101	563	3	5.64
150	244	3	16.08
102	655	3	8.45
12	2299	3	25.67
101	307	6	11.28
119	165	4	8.79
631	133	3	19.81
646	14	5	4.17
230	102	15	54.25
130	556	6	46.51
109	159	21	87.73
1615	14	4	10.41
613	14	7	9.3
1733	14	4	10.41
986	105	3	13.76
129	318	3	14.33
235	702	3	30.07
103	551	7	35.09
212	14	21	19.27
1052	14	5	9.26
101	604	4	10.33
134	258	12	88.64
947	14	4	4.37
227	115	5	19.55
1282	14	5	11.14
149	461	5	41.03
118	268	4	15.99
111	407	3	11.73
1906	14	4	15.09
57	177	3	5.52
717	107	3	13.11
109	1075	3	16.29
102	447	6	20.94
138	130	7	20.57
2246	14	3	7.14
101	635	3	6.45
464	122	3	15.39
3132	14	3	11.31
114	140	6	11.29
370	103	3	6.5
380	101	5	10.18
129	134	4	6.11
888	12	7	50.46
1361	14	3	3.98
251	14	15	11.88
232	12	3	4.8
1212	14	6	17.22
169	115	27	169.6
135	359	9	72.37
101	1753	3	13.16
283	194	3	21.1
108	127	11	12.69
114	394	4	19.77
120	315	3	11.79
1179	14	5	11.14
240	108	4	9.79
205	516	3	26.42
101	941	6	28.26
1485	102	4	21.77
2411	12	3	25.67
693	14	8	16.21
840	108	3	14.55
184	159	6	36.35
555	14	9	15.73
193	103	4	4.18
104	1288	3	15.15
102	784	3	9.5
1277	107	3	16.93
119	434	3	14.2
6	2348	3	57.14
136	150	5	16.88
1650	14	3	5.24
726	14	9	24.17
166	132	3	7.77
1507	14	4	8.11
1602	120	3	24.07
113	265	4	15.4
508	181	3	24.45
101	294	7	14.35
103	1629	4	26.75
1420	14	3	3.98
102	991	3	10.83
101	273	5	6.47
110	160	4	5.61
161	124	4	9.88
687	116	3	17.06
277	103	5	12.08
127	421	3	16.05
189	263	5	39.02
109	201	7	20.46
1691	128	3	26.41
242	132	4	18.7
103	774	7	41.25
122	202	4	13.14
2491	14	3	11.31
119	1160	3	21.06
664	14	9	19.22
126	529	3	17.43
112	132	39	184.93
136	237	4	19.61
112	284	8	42.6
166	118	30	191.25
115	138	7	14.57
332	439	3	30.3
114	1059	3	19.77
105	272	33	261.16
635	14	5	4.17
101	529	3	5.28
775	108	4	21.22
1132	12	6	45.65
120	151	6	15.38
1105	14	4	5.31
537	173	3	24.24
1121	14	4	5.31
856	107	4	21.88
104	1779	3	17.91
1551	101	3	13.16
107	406	3	9.61
853	131	5	41.68
581	103	4	15.34
103	141	7	3.86
1355	116	3	22.17
1070	14	5	9.26
1150	14	5	11.14
549	137	3	20.07
2153	14	3	7.14
2	114	10	16.12
843	101	4	13.32
589	107	4	18.68
133	790	3	20.95
183	110	5	11.18
128	148	6	19.03
343	14	16	30.65
109	358	5	20.48
913	127	3	21.41
166	206	3	15.5
1895	489	4	66.42
104	601	4	16.35
915	14	5	7.81
3145	14	3	11.31
1147	175	3	30.17
503	102	3	6.86
155	130	9	39.54
322	115	4	18.16
267	14	12	7.33
617	102	3	8
106	339	3	8.31
118	831	4	27.33
110	197	5	12.79
109	1519	3	18.51
189	222	3	18.27
121	203	3	8.16
174	217	3	17.03
517	101	6	19.08
101	252	9	18.94
101	304	13	45.83
112	497	4	21.26
101	1447	3	11.65
112	413	3	12.74
124	1299	3	22.12
191	101	7	5.9
111	208	4	10.01
135	185	5	21.79
117	179	3	6.02
110	642	4	21.29
295	248	3	24.12
1637	14	4	10.41
147	122	5	10.91
709	14	7	11.75
102	401	3	5.44
101	761	3	7.46
177	103	35	170.45
143	428	4	27.89
102	316	5	11.55
143	124	5	10.11
299	103	3	5.14
134	149	6	20.72
846	14	6	10.49
173	102	6	4.88
818	139	4	33.6
103	2917	3	23.78
704	108	4	20.39
340	101	5	9.4
104	885	3	12.59
312	123	8	50.5
659	110	3	14.01
103	195	8	17.59
348	14	11	11.8
101	1083	4	15.54
514	128	8	66.39
215	155	3	15.61
785	14	8	18.27
118	102	27	22.05
1438	14	5	13.78
499	108	4	17.23
1986	101	3	15.32
114	103	47	100.27
12	171	12	35.63
118	562	3	15.66
814	120	8	72.19
1490	128	5	49.85
102	1267	3	12.62
103	451	4	12.73
145	141	4	11.38
112	408	7	42.86
242	154	3	16.56
207	14	20	13.22
914	714	4	57.33
109	330	6	25.42
210	191	5	35.55
121	115	14	30.13
2290	14	4	15.09
110	182	4	7.3
2646	107	3	26.39
143	1109	4	36.75
246	865	4	45.31
101	471	8	28.68
296	246	3	24.12
172	878	4	39.27
171	280	3	19.29
141	148	4	12.72
3079	14	3	11.31
155	233	5	32.62
112	154	5	10.51
16	109	3	8.07
12	739	3	13
277	14	18	25.01
102	1063	3	11.65
256	129	3	12.33
640	107	3	12.59
1283	121	3	21.75
205	679	4	40.6
131	167	3	7.53
113	169	10	39.79
872	14	5	6.64
522	102	4	11.93
248	14	23	36.47
2118	14	3	7.14
166	115	3	5.02
645	101	4	10.96
164	217	3	16.15
504	101	6	18.25
1038	14	4	5.31
224	157	3	15.85
14	7	3	5.24
127	14	55	7.21
1182	14	4	6.51
168	161	5	26.79
619	267	6	71.04
209	307	3	22.71
306	311	3	26.68
12	428	3	9.24
134	118	10	23.46
12	1318	4	26.65
57	323	8	47.74
441	108	10	62.7
103	266	3	4.39
731	14	5	5.67
547	108	5	25.49
1824	970	3	47.27
1753	14	3	5.24
109	795	3	14.05
117	265	3	10.28
101	783	4	12.43
1423	14	3	3.98
101	707	7	30.15
370	14	10	9.72
168	464	3	23.25
102	390	5	13.93
261	101	7	12.45
108	386	3	9.53
129	189	4	14.36
767	14	5	5.67
2756	14	3	11.31
117	166	6	17.67
1008	102	4	18.42
418	1	5	30.45
102	1415	4	21.77
2848	1097	3	54.87
528	332	9	121.13
132	165	3	7.72
143	171	7	35.85
630	14	5	4.17
488	14	11	21.39
110	975	4	24.89
193	14	44	95.2
1116	14	4	5.31
2025	14	3	7.14
290	157	4	26.79
105	176	9	20.87
1305	105	4	23.92
141	178	3	10.47
101	1194	3	10.48
119	1140	4	31.25
2060	14	3	7.14
104	319	4	10.61
101	1398	3	11.65
1301	14	6	17.22
103	934	3	12.55
116	523	3	15.17
848	101	4	13.32
121	206	3	8.25
203	198	3	17.82
1266	14	4	6.51
101	221	11	22.68
963	14	5	7.81
518	2303	3	50.01
2242	14	3	7.14
254	14	25	48.01
741	101	3	7.46
135	169	4	14.37
103	418	4	12.31
102	385	9	36.86
12	204	10	33.31
1341	14	3	3.98
501	106	4	16.58
132	164	7	29.22
143	158	18	122.6
366	107	4	14.06
125	129	14	48.31
103	164	21	69.22
109	943	6	42.15
559	14	7	8.31
2782	14	3	11.31
322	102	6	16.44
1657	14	3	5.24
425	105	3	8.65
105	229	4	7.66
243	145	4	22
1231	183	5	59.01
1074	101	4	15.54
115	118	13	23.57
1367	119	6	61.2
2449	14	3	11.31
101	370	6	13.86
2815	14	3	11.31
706	14	8	16.21
1381	14	3	3.98
123	676	5	36.5
101	288	10	27.09
855	14	5	6.64
144	259	7	48.17
124	400	5	29.35
133	224	4	17.67
110	145	6	8.08
154	124	4	9.04
109	224	27	174.8
104	328	4	10.89
421	14	11	16.93
1416	14	3	3.98
181	189	4	23.47
1984	111	3	24.17
757	14	6	9.12
109	195	5	11.02
270	101	6	9.32
104	313	4	10.34
216	124	4	14.64
483	133	15	157.46
114	882	3	18.16
530	14	7	7.43
124	103	14	8.23
101	387	10	36.42
106	101	206	512.19
157	185	3	13.56
101	591	3	6.03
1447	105	3	16.81
112	138	11	29.74
106	1526	4	29.81
381	108	17	124.81
1609	14	3	5.24
1568	6	3	50.41
101	1730	3	13.16
218	14	19	14.85
103	151	8	9.04
169	133	5	18.88
2018	14	3	7.14
105	791	3	12.39
101	1099	4	15.54
2051	14	4	15.09
205	108	3	4.3
2141	14	4	15.09
123	148	6	16.27
102	2848	3	21.97
105	1813	4	28.41
424	103	4	12.31
129	187	3	9.04
163	110	5	8.92
255	12	3	5.52
102	239	24	118.06
509	102	4	11.43
369	106	4	13.68
111	560	4	20.99
103	130	28	58.25
211	615	3	27.87
103	282	5	12.36
390	101	5	10.61
959	120	3	19.39
135	191	3	10.57
111	170	3	4.08
101	723	3	6.93
101	767	3	7.46
107	275	7	27.27
107	191	7	18.42
105	972	4	21.17
12	158	16	51.22
495	101	3	4.96
200	217	4	27.63
216	101	6	5.95
101	254	7	11.79
148	490	5	41.37
101	3027	3	19.74
105	583	7	39.25
1675	14	3	5.24
687	14	7	11.75
181	101	7	4.7
145	208	5	26.27
136	376	5	33.77
103	643	10	65.4
113	365	4	18.73
287	101	11	32.07
472	14	10	15.62
453	12	4	15.56
708	110	5	30.29
101	2876	3	19.74
101	2772	3	19.74
199	102	5	4.94
1165	107	4	25.7
124	180	4	11.4
107	1039	4	24.2
102	612	3	8
106	124	24	47.57
105	160	5	5.19
399	21	4	17.45
137	102	12	8.66
101	493	10	43.33
1854	14	3	7.14
747	14	8	18.27
102	661	3	8.45
102	721	4	14.44
206	119	3	7.64
113	1219	3	20.55
1496	14	5	13.78
112	172	14	63.95
113	532	6	39.13
122	250	3	10.53
1223	103	3	14.37
410	105	3	8.37
242	172	5	35.39
1577	12	5	42.8
2895	14	3	11.31
1702	14	3	5.24
658	14	9	19.22
1564	14	3	5.24
103	1053	4	20.77
107	633	3	12.59
784	110	4	22.87
154	101	11	8.67
108	1850	3	22.13
210	185	3	17.57
124	960	3	20.24
118	460	6	38.33
331	1057	3	36.28
12	205	24	128.24
2950	14	3	11.31
1111	14	5	9.26
12	1528	3	19
308	198	5	42.61
2265	14	3	7.14
111	397	3	11.44
103	233	5	9.78
57	114	29	90.78
108	148	6	7.84
1294	14	5	11.14
303	14	18	30.02
927	14	4	4.37
393	123	9	65.4
101	2209	3	15.32
544	102	3	7.59
120	175	3	5.97
460	106	4	16.08
101	870	5	19.42
101	930	3	8.74
118	258	4	15.56
118	325	3	11.99
101	1081	3	9.53
2228	14	3	7.14
143	157	6	26.42
118	1608	3	23.82
1190	14	6	17.22
104	723	4	17.76
114	129	13	33.35
102	536	9	44.39
634	106	4	18.98
101	692	3	6.93
101	744	5	18.2
130	1255	3	23.75
1639	14	4	10.41
723	14	5	4.86
2445	12	3	25.67
573	14	7	9.3
131	150	4	10.21
198	103	7	13.9
688	14	8	16.21
109	179	8	21.43
669	12	3	12.43
2647	14	3	11.31
105	1457	3	16.81
137	124	7	16.62
206	107	6	15.5
105	186	4	4.68
2572	14	3	11.31
184	166	3	14.22
471	14	14	35.06
124	302	3	12.21
119	456	4	21.88
409	14	10	12.27
106	102	55	43.39
1827	14	3	5.24
775	14	5	5.67
101	2742	3	19.74
894	103	3	12.55
253	101	13	37.19
1489	14	5	13.78
103	721	4	16.74
111	991	3	17.29
136	102	34	79.14
101	1225	5	24.68
113	159	4	7.92
270	102	7	17.33
622	14	9	19.22
140	301	5	32.1
174	185	4	22.29
266	107	26	187.2
105	533	8	44.87
110	165	4	5.81
131	237	3	11.69
131	312	3	14.19
653	14	5	4.17
244	268	4	33.68
118	367	4	19.33
138	176	3	10.02
107	261	8	32.5
104	750	3	11.95
1772	107	3	19.71
103	466	3	8.14
191	127	3	8.93
111	176	6	15.82
558	101	3	5.64
2955	14	3	11.31
226	1	3	9.79
214	12	3	4.19
129	115	8	13.88
596	111	3	14.29
180	110	3	3.88
241	176	3	18.28
118	187	11	52.33
101	1098	3	9.53
1293	14	5	11.14
491	162	3	22.96
777	101	4	12.43
135	140	30	195.77
226	14	26	40.39
130	919	3	21.87
153	500	4	31.81
183	120	5	15.53
12	157	17	55.51
101	722	4	11.65
746	101	5	18.2
102	494	4	11.43
143	127	7	20.85
119	1023	3	20.05
168	121	4	10.23
204	147	12	87.79
432	119	8	54.87
3055	120	3	30.77
108	252	4	10.33
2970	14	3	11.31
451	846	4	51.96
509	101	3	4.96
104	1050	3	14.16
659	101	3	6.45
102	1435	4	21.77
595	14	8	13.03
136	173	3	9.3
831	128	4	30.77
444	108	3	10.41
388	120	6	36
157	111	6	13.1
101	465	4	8.31
220	103	9	25.81
105	327	3	6.94
224	428	3	26
2193	101	3	15.32
439	12	9	51.07
144	290	3	15.93
101	328	15	62.59
103	1049	3	13.39
181	102	12	25.27
112	398	3	12.46
101	1482	3	11.65
1380	14	4	8.11
116	371	4	19.23
109	265	8	33.91
113	201	5	16.44
1446	14	6	22.63
179	230	3	18.09
613	108	3	12.32
1840	14	3	7.14
356	14	9	7.13
154	102	28	86.02
762	14	5	5.67
101	313	24	131.85
137	101	50	128.15
102	660	4	13.72
1610	14	5	18.86
127	278	3	12.61
184	179	4	22.69
525	14	7	7.43
1687	14	4	10.41
136	138	10	40.53
104	387	3	7.69
160	947	4	39.28
107	1244	3	16.93
340	157	3	20
1253	108	3	17.14
2933	14	3	11.31
1094	14	4	5.31
2015	14	3	7.14
215	14	16	8.42
245	615	3	29.46
544	101	7	25.95
107	175	8	19.81
561	102	5	18.05
774	123	7	59.49
102	467	6	21.67
316	14	11	9.56
468	656	3	35.2
1571	236	5	72.83
2148	14	3	7.14
288	14	17	23.68
123	1502	3	23.33
109	814	3	14.7
1541	107	3	19.71
101	303	5	7.48
131	134	10	31.8
110	130	8	8.82
1985	14	3	7.14
900	14	4	4.37
1317	12	4	26.65
126	105	21	37.27
104	194	5	7.98
113	140	5	7.59
113	276	4	15.63
136	203	3	11.24
101	1116	3	9.53
112	242	7	32.04
274	198	3	21.02
1037	14	4	5.31
1210	14	5	11.14
2123	14	3	7.14
106	127	13	16.65
12	2295	3	25.67
121	1102	4	30.65
1244	107	4	25.7
724	14	6	7.97
1652	14	3	5.24
103	1504	4	24.15
102	214	6	9.35
121	2176	4	41.7
101	932	3	8.74
299	166	3	19.32
103	223	7	16.93
695	14	5	4.86
1683	14	3	5.24
553	14	10	20.27
283	263	3	24.37
208	101	17	44.89
307	106	3	7.29
1789	14	3	5.24
123	1507	5	47.33
1656	128	3	26.41
445	12	3	9.54
158	172	3	12.76
107	230	13	61.2
1387	14	4	8.11
143	429	4	27.89
128	124	4	3.85
951	101	6	28.26
219	107	4	8.31
114	145	7	15.91
106	875	3	14.05
107	336	4	13.41
114	166	4	8.54
609	110	5	28.38
272	106	8	32.69
308	122	8	50.04
129	102	34	64.39
12	1525	3	19
1333	103	3	15.58
279	103	4	8.02
1881	1837	4	84.97
111	244	3	7.83
125	103	18	21.13
1603	14	3	5.24
180	123	3	6.96
773	108	3	13.9
516	14	8	10.63
190	122	5	17.53
1585	12	3	19
149	492	5	41.7
184	281	6	49.66
494	260	3	28.8
199	21	4	9.46
373	155	3	20.25
2927	14	3	11.31
119	516	8	59.56
1130	12	6	45.65
111	871	3	16.55
136	115	19	71.78
14	58	163	283.23
105	1490	3	16.81
970	14	8	24.23
1273	14	5	11.14
2186	14	3	7.14
170	163	3	13.05
935	14	7	17.53
1430	106	3	17.85
107	638	4	19.36
310	14	18	33.03
1302	14	5	11.14
101	319	10	30.69
105	397	3	8.1
231	14	22	28.2
107	1679	3	19.71
1999	14	3	7.14
252	12	3	5.39
1334	133	3	25.49
752	103	3	11.2
105	276	3	5.55
150	282	3	17.23
262	14	17	19.66
124	163	12	55.4
101	601	6	20.97
101	525	3	5.28
102	1062	6	35.07
228	108	20	115.44
205	678	5	53.63
154	127	4	10.42
148	423	6	49.97
631	171	3	25.48
110	315	3	9.08
1232	14	4	6.51
113	306	4	16.88
993	14	5	7.81
104	304	4	10.08
714	14	11	34.94
129	173	29	217.2
1525	14	3	5.24
596	14	8	13.03
352	120	3	12.69
104	761	5	26.01
107	1427	4	27.6
334	107	5	19.05
106	874	4	21.49
372	231	3	25.36
121	2597	3	31.26
295	273	7	72.24
1665	14	5	18.86
183	106	4	5.49
114	179	8	30.18
567	14	9	15.73
12	123	17	21.88
272	119	7	36.73
1084	102	3	11.65
797	12	4	20.94
149	371	4	28.22
294	103	6	17.69
103	145	7	4.35
446	14	10	14.39
338	111	3	10.67
107	1184	3	16.93
12	528	3	10.59
404	164	3	21.65
120	160	5	13.01
105	632	4	17.61
189	1066	3	30.29
1466	14	3	3.98
355	14	19	48.76
749	14	7	13.3
205	572	4	39.13
1617	14	3	5.24
505	14	8	9.63
615	14	7	9.3
261	102	7	16.95
464	175	3	23.54
484	12	10	62.82
128	101	51	101.22
189	812	3	28.66
510	109	3	11.24
103	556	3	9.23
538	14	6	5.4
135	111	14	36.81
644	14	7	10.43
2492	12	3	25.67
106	1741	3	19.41
140	255	3	14.62
103	2146	3	19.32
364	377	3	29.57
104	267	7	22.87
126	121	15	44.96
107	819	3	14.34
161	133	16	95.18
110	151	4	4.37
2318	14	3	11.31
162	689	3	25.29
101	552	3	5.64
719	107	4	20.11
157	140	7	32.4
102	780	3	9.5
124	212	4	14.48
150	233	3	15.52
124	256	3	10.85
136	154	4	12.6
949	14	4	4.37
309	12	6	22.44
185	130	3	8.87
225	115	13	76.99
104	256	5	12.23
1259	14	5	11.14
291	133	22	210.04
110	148	9	21.08
1292	14	7	26.4
305	14	22	50.84
2157	14	3	7.14
925	14	7	17.53
101	489	4	8.76
1622	101	4	21.39
1154	14	4	6.51
105	115	35	69.53
2263	14	3	7.14
1125	14	4	5.31
166	191	4	21.98
109	373	4	14.52
436	102	5	15.46
101	1250	6	33.82
136	141	5	14.2
1547	101	3	13.16
673	101	5	17.13
689	141	5	43.22
965	439	3	37.43
169	122	5	15.25
103	237	7	18.37
120	101	66	115.15
128	160	4	11.58
134	602	3	19.37
101	694	4	11.65
1459	14	3	3.98
135	172	6	26.37
191	290	3	21.01
2	135	6	11.62
101	2016	3	15.32
344	118	7	41.88
914	101	8	46.45
117	162	3	4.97
1229	107	3	16.93
1432	14	4	8.11
117	209	7	29.96
117	149	5	10.6
201	102	8	14.2
114	236	7	32.66
2677	14	3	11.31
12	186	14	51.06
520	116	7	49.3
101	846	4	13.32
123	145	9	28.25
177	131	4	13.21
302	103	4	8.9
168	103	13	32.89
124	609	4	25.55
265	209	3	21.58
115	845	3	18.25
357	1	3	13.79
2055	106	3	21.62
955	102	3	10.83
668	12	5	26.69
828	108	3	14.55
195	132	4	15.48
159	161	3	12.22
129	440	4	24.85
103	150	23	69.1
116	315	3	11.48
116	240	3	9.19
116	164	3	4.96
238	194	4	28.64
2096	14	3	7.14
1047	14	4	5.31
112	191	5	14.99
1016	14	6	14.29
107	984	7	52.12
560	123	3	16.73
997	12	3	15.23
101	588	3	6.03
127	21	12	21.48
105	203	4	5.84
350	107	4	13.72
102	2267	3	17.53
115	537	4	22.68
144	157	7	33.09
1942	14	4	15.09
257	12	4	9.61
341	115	6	33.5
109	270	5	16.31
109	134	10	13.04
140	167	3	9.61
101	587	4	10.33
837	101	3	8.05
109	523	4	17.96
103	708	6	31.17
2147	14	3	7.14
1916	12	3	21.2
101	1228	4	16.99
328	108	5	19
268	617	3	30.27
545	101	4	9.76
110	178	5	10.49
834	107	7	49.47
161	109	5	7.43
107	651	5	26.87
2016	14	3	7.14
101	211	14	33.93
1653	111	3	21.95
2295	12	3	25.67
104	1385	3	16.36
275	321	3	25.94
609	14	7	9.3
259	102	9	26.35
387	108	6	27.83
620	12	6	33.62
121	633	3	17.33
102	416	7	25.28
135	138	4	9.22
642	14	9	19.22
117	132	24	95.38
524	14	10	18.52
1839	14	3	7.14
236	132	3	12.02
129	363	3	15.28
1445	14	4	8.11
57	125	8	12.12
103	199	10	26.85
103	334	5	14.99
205	439	6	60.34
120	189	6	21.74
1410	14	3	3.98
107	549	4	18.06
102	328	3	4.38
138	398	4	26.26
107	377	8	41.07
299	161	4	27.96
105	618	3	10.83
120	124	8	11.36
236	118	26	206.87
384	115	4	19.89
125	149	6	18.6
594	14	10	22.28
251	119	3	9.72
815	108	6	39.86
152	376	3	19.87
105	926	4	21.17
158	111	5	9.58
829	110	3	15.78
1659	14	3	5.24
3004	14	3	11.31
102	2181	3	17.53
121	275	6	30.82
12	665	3	11.91
102	1097	3	11.65
479	101	3	4.96
313	231	4	34.74
140	133	5	12.84
116	452	3	14.41
179	115	6	19.41
57	743	5	35.07
776	101	3	7.46
122	105	26	46.02
406	101	4	7.16
101	494	3	4.96
12	2308	3	25.67
992	108	3	15.29
260	14	14	11.29
103	221	4	5.6
103	297	4	8.67
969	14	4	4.37
159	134	4	12.37
371	700	3	33.88
2156	14	3	7.14
936	14	4	4.37
550	137	5	39.37
101	866	6	26.33
187	128	3	8.97
161	2246	3	34.26
361	149	4	28.22
106	970	3	14.79
464	102	4	10.96
101	610	5	15.34
582	103	4	15.34
2810	101	3	19.74
568	101	13	73.97
117	121	11	19.52
103	373	3	6.5
113	787	3	17.28
118	1167	3	21.02
486	14	11	21.39
126	103	67	246.26
167	118	10	39.68
346	124	4	20.43
119	101	104	268.11
667	14	5	4.17
110	200	8	28.25
105	102	98	138.03
121	592	5	33.98
1454	14	3	3.98
101	421	4	7.52
490	105	3	9.62
113	528	3	14.79
126	400	3	15.4
101	1239	3	10.48
1788	14	3	5.24
472	21	3	12.54
185	107	24	121.28
148	180	3	11.98
296	101	8	18.49
314	103	3	5.49
465	14	11	19.74
113	1198	3	20.55
124	288	4	18.12
2189	106	3	21.62
560	110	9	63.61
101	468	3	4.66
164	1214	3	29.27
725	14	6	7.97
101	214	6	5.95
205	810	3	29.64
245	400	3	26.49
140	118	34	183.85
196	165	3	15.04
109	210	18	93.79
102	1774	3	15.35
694	14	5	4.86
117	344	3	12.45
365	102	5	13.05
3027	14	3	11.31
2	109	28	67.53
191	141	9	55.02
502	101	3	4.96
111	158	4	6.17
149	164	7	37.62
1944	163	3	34.26
870	14	6	10.49
153	110	10	27.22
250	14	19	23.23
1364	14	5	13.78
294	121	3	11.67
218	231	4	30
103	134	24	47.22
125	105	75	323.98
1318	12	3	17.44
1329	14	3	3.98
227	510	3	27.45
428	101	3	4.12
101	704	4	11.65
107	206	12	47.68
102	552	8	38.26
102	476	4	10.96
120	461	3	14.73
259	115	5	21.76
1062	108	6	44.28
979	14	5	7.81
298	14	24	57.2
1097	108	6	44.28
107	1485	4	27.6
394	118	3	13.24
135	206	5	23.95
218	21	4	10.77
294	105	5	14.83
222	116	5	18.82
135	408	6	44.22
125	121	6	8.21
180	14	22	8.61
105	2055	3	20.57
108	182	7	17.2
12	1319	3	17.44
675	132	3	20.19
413	102	4	9.73
190	12	8	21.14
115	347	3	12.32
729	121	7	58.65
130	1618	5	55.51
105	138	17	36.09
102	691	9	52.62
614	14	7	9.3
1616	14	3	5.24
1570	12	4	29.26
126	603	3	18.31
213	150	4	22.04
2498	2414	3	65.46
12	2082	3	21.2
783	14	6	9.12
1613	108	3	19.92
1436	14	3	3.98
57	910	3	18.7
107	667	6	35.03
748	14	5	5.67
403	133	10	83.95
192	1242	3	31.59
346	101	16	73.38
119	124	7	8.15
101	2993	3	19.74
412	14	14	28.38
798	12	6	38.02
230	122	3	9.85
817	14	9	27.78
286	106	9	39.68
210	172	3	16.58
2564	14	3	11.31
563	108	4	18.34
1374	14	4	8.11
1769	14	3	5.24
102	1720	5	36.63
111	713	3	15.3
104	401	3	7.69
112	185	22	130.94
122	183	3	7.09
1468	120	3	22.49
1526	14	5	18.86
597	14	9	17.34
715	14	6	7.97
141	122	14	53.78
566	14	10	20.27
1797	128	3	26.41
184	161	15	122.25
134	129	5	9.49
2071	14	3	7.14
107	497	3	10.89
2976	14	3	11.31
994	14	4	4.37
481	111	3	13.04
1004	12	6	42.43
523	101	5	13.86
579	441	5	63.84
117	251	4	15.15
786	103	3	11.2
117	167	5	13.13
232	14	16	11.32
1965	14	3	7.14
921	14	6	12.16
119	739	3	17.78
282	12	3	6.24
2233	14	3	7.14
104	2004	3	20.11
1319	14	6	22.63
227	495	6	64.91
149	130	3	6.05
2341	108	3	26.6
351	103	3	6.28
114	134	9	18.8
105	1061	3	14.6
3045	14	3	11.31
603	102	4	13.07
2139	14	3	7.14
219	108	5	12.73
1286	14	4	6.51
138	154	3	8.42
428	138	3	18.44
177	105	7	13.22
118	397	4	20.07
111	258	8	37.86
2	152	14	63.01
3080	14	3	11.31
2170	14	3	7.14
1257	14	6	17.22
325	14	12	13.1
159	133	4	12.31
1087	14	8	30.18
152	115	17	77.34
125	147	5	12.73
104	1035	5	30.48
379	441	5	58.01
1056	14	4	5.31
1694	14	4	10.41
206	122	3	8.42
106	3079	3	26.09
101	2712	3	19.74
115	165	3	4.96
115	301	3	11.03
104	527	3	9.57
112	111	41	130.43
101	1191	3	10.48
395	108	5	21.17
1619	14	4	10.41
112	159	4	7.53
2616	108	3	26.6
1729	14	4	10.41
2594	14	3	11.31
1472	14	4	8.11
349	14	8	4.42
112	363	3	11.93
1196	102	4	19.9
221	106	3	4.61
109	162	7	14.39
1363	101	3	11.65
101	302	6	10.92
106	456	4	16.08
1437	14	4	8.11
119	102	25	18.1
784	14	5	5.67
12	817	4	20.94
1770	14	4	10.41
1245	106	4	25.31
845	14	5	6.64
2557	14	3	11.31
1371	14	3	3.98
144	124	11	38.47
103	1037	3	13.39
812	14	5	6.64
109	149	11	26.87
1402	14	3	3.98
419	14	10	13.28
109	209	13	56.93
679	14	6	7.97
322	201	3	22.84
103	857	3	11.83
104	554	4	15.74
144	428	3	19.06
12	2141	3	21.2
101	401	11	42.75
101	469	3	4.66
115	266	6	28.75
1636	14	4	10.41
243	119	4	15.01
106	622	8	52.43
326	120	5	25.7
911	108	6	41.84
2107	14	3	7.14
120	127	12	29.34
101	1792	3	13.16
146	306	3	17
2074	14	3	7.14
3146	14	3	11.31
111	157	5	9.33
1972	14	4	15.09
916	14	6	12.16
117	270	4	15.99
117	134	13	36.8
12	1524	4	29.26
114	105	127	592.89
101	778	3	7.46
233	14	22	28.2
102	506	4	11.43
152	154	3	10.58
933	14	4	4.37
2521	111	3	28.65
197	108	3	3.99
241	115	3	9.26
101	899	3	8.74
101	1034	3	9.53
347	14	19	46.1
153	231	4	23.47
129	1245	3	23.67
114	121	15	33.73
12	58	88	422.88
428	102	3	5.95
885	1	3	19.51
302	108	5	17.58
194	14	25	22.18
138	115	4	4.68
101	2057	3	15.32
2	117	6	5.37
57	576	4	23.49
2271	14	3	7.14
163	14	46	57.14
111	115	32	92.92
109	641	3	12.94
108	489	4	17.23
1304	105	3	15.6
129	228	3	11.36
130	597	3	18.82
140	161	5	20.55
109	132	30	96.63
2889	14	3	11.31
489	14	9	13.07
1601	14	3	5.24
161	122	11	48.11
1747	14	4	10.41
144	101	20	22.92
228	107	3	5.27
144	171	3	10.34
203	118	4	12.14
106	160	5	6.49
189	520	4	36.58
400	14	16	36.55
105	1470	5	36.36
122	199	3	8.14
112	201	4	11.03
252	103	3	3.89
101	1213	3	10.48
109	491	5	24.29
2685	14	3	11.31
113	398	5	26.77
462	14	10	15.62
101	555	4	9.76
942	111	3	17.29
111	1658	3	21.95
127	219	10	59.51
342	103	5	15.39
331	101	7	17.22
680	169	3	26.03
110	329	5	21.01
697	14	6	7.97
1681	14	4	10.41
146	1106	3	25.82
112	364	7	40.66
104	214	5	9.79
126	179	3	7.97
2823	14	3	11.31
1646	14	3	5.24
102	1721	5	36.63
102	1669	3	15.35
1511	14	3	3.98
111	203	8	30.49
135	242	6	35.03
470	155	8	77.75
177	121	5	15.54
132	167	3	7.83
278	14	21	36.72
906	14	5	7.81
1365	14	4	8.11
108	130	8	6.48
3093	14	3	11.31
58	204	13	79.07
125	134	8	20.66
102	1413	3	13.81
130	1460	3	24.98
105	187	6	11.27
171	169	3	13.77
224	141	5	27.42
193	110	4	8.5
101	488	4	8.76
101	368	4	6.21
2272	110	3	23.39
104	587	4	16.35
111	957	3	17.29
425	103	3	7.52
109	121	10	7
1	58	10	22.55
108	1111	5	33.84
104	211	9	26.95
113	324	3	11.55
1140	14	4	6.51
1288	108	3	17.14
107	756	3	13.69
188	14	37	56.09
1171	14	4	6.51
119	232	4	14.28
105	487	3	9.62
121	261	3	10.81
107	307	7	29.58
282	107	9	40.55
107	101	67	42.58
118	533	3	15.24
121	654	6	44.71
637	14	6	6.99
753	108	3	13.9
117	161	6	17.32
606	14	10	22.28
111	138	6	8.12
102	1224	3	12.62
2	196	4	12.94
103	162	11	22.16
897	101	3	8.74
57	112	37	127.06
152	102	27	76.85
12	456	5	21.89
120	102	41	62.42
132	107	21	50.74
101	949	3	8.74
864	101	3	8.05
162	334	4	29.46
272	434	6	66.84
1000	263	3	34.05
187	102	21	71.72
143	259	4	22.64
104	1078	3	14.16
339	909	9	143.92
117	210	6	24.24
214	103	5	8.69
201	101	10	15.55
424	105	3	8.65
2176	102	3	17.53
205	106	5	10.8
707	14	6	7.97
2816	14	3	11.31
194	111	10	41.38
118	2776	3	30.53
105	967	4	21.17
107	2957	3	26.39
1271	107	3	16.93
144	158	8	40.49
119	127	12	28.64
102	879	3	10.12
1012	12	3	15.23
1241	14	4	6.51
2379	14	3	11.31
109	344	3	8.92
363	102	4	8.71
231	21	4	11.72
113	360	3	12.26
112	140	13	40.61
115	130	8	14.04
2212	14	3	7.14
1992	14	4	15.09
124	303	6	33.13
262	21	3	8.26
109	216	15	73.06
1295	14	4	6.51
304	14	16	23.51
113	187	6	20.23
126	212	5	22.12
101	212	10	18.1
310	21	3	9.66
101	256	10	23.62
12	669	11	87.38
961	14	5	7.81
332	14	13	17.27
161	419	4	31.75
105	324	5	16.54
110	553	3	13.08
199	14	20	11.75
141	151	3	8.25
1081	14	4	5.31
146	159	5	21.63
1565	14	3	5.24
109	1030	3	16.29
668	222	4	41.83
152	138	5	18.2
58	171	21	133.73
108	165	10	27.04
159	118	27	161.95
432	116	4	20.79
102	237	4	4.57
107	393	4	14.77
132	200	5	22.06
101	661	5	16.19
205	119	6	23.25
101	840	4	13.32
102	357	8	28.9
138	172	4	15.21
138	102	21	34.38
114	162	3	4.78
117	131	49	265.37
1025	107	3	15.93
1462	14	5	13.78
965	106	3	14.79
117	236	4	14.4
1825	141	4	42.56
57	545	3	15.22
101	748	5	18.2
123	180	3	6.96
105	2138	4	33.38
12	259	9	36.8
531	1	3	16.35
1796	14	3	5.24
442	14	13	27.31
686	14	7	11.75
114	509	5	30.07
102	150	16	28.45
724	21	3	15.16
118	156	4	8.04
57	113	15	27.63
1645	14	4	10.41
159	132	4	12.11
2132	14	3	7.14
196	510	4	36.79
110	524	5	26.8
184	121	6	21.99
12	1023	3	15.23
102	723	3	8.95
2097	14	3	7.14
1044	14	4	5.31
101	314	7	15.68
102	977	3	10.83
144	204	8	49.37
479	102	3	6.86
105	496	9	51.9
109	251	4	10.51
109	167	10	27.91
391	101	8	24.88
109	105	53	88.78
140	134	8	27.76
126	163	3	6.85
1978	14	4	15.09
