1686	1
5914	2
8678	3
5587	4
5470	5
5505	6
4004	7
5090	8
539	9
3066	10
9778	11
2309	12
2058	13
6378	14
7407	15
4927	16
2245	17
9123	18
3811	19
5597	20
9335	21
7226	22
2577	23
8861	24
35	25
1728	26
3569	27
9491	28
6617	29
8472	30
7027	31
6689	32
1832	33
3487	34
6913	35
9357	36
280	37
6733	38
9435	39
2333	40
1678	41
6469	42
4624	43
5194	44
3665	45
2975	46
174	47
4863	48
2582	49
4866	50
8451	51
5927	52
932	53
9292	54
4441	55
2581	56
5060	57
1475	58
8011	59
982	60
8686	61
2965	62
8412	63
6299	64
3645	65
5122	66
8462	67
3145	68
7631	69
806	70
3094	71
7304	72
3213	73
2941	74
9267	75
9627	76
1256	77
6656	78
5137	79
9446	80
5258	81
880	82
9782	83
7948	84
1825	85
9290	86
3228	87
6901	88
6400	89
8264	90
4319	91
2050	92
2015	93
2732	94
230	95
8319	96
8135	97
2193	98
192	99
5221	100
6361	101
9008	102
1517	103
5796	104
8720	105
608	106
7314	107
1090	108
6694	109
2428	110
4608	111
6013	112
247	113
4743	114
2855	115
1858	116
3169	117
505	118
1178	119
2288	120
4487	121
6910	122
9009	123
9878	124
5349	125
4295	126
176	127
202	128
5531	129
1888	130
1291	131
5268	132
6940	133
8367	134
376	135
2331	136
289	137
5947	138
9861	139
3765	140
1026	141
1940	142
3717	143
9355	144
566	145
9876	146
9219	147
863	148
7863	149
6247	150
8896	151
3598	152
4663	153
6611	154
5260	155
8293	156
5703	157
5517	158
5254	159
9860	160
9191	161
2036	162
1916	163
1035	164
9663	165
860	166
770	167
6380	168
8528	169
7189	170
9027	171
311	172
8537	173
6787	174
907	175
302	176
243	177
1839	178
1594	179
4256	180
4364	181
2892	182
8912	183
3100	184
9868	185
3844	186
4409	187
8633	188
479	189
1521	190
2420	191
9531	192
6133	193
3930	194
8556	195
7992	196
7860	197
568	198
8781	199
9756	200
9277	201
721	202
2459	203
3332	204
1093	205
5208	206
5563	207
8280	208
5986	209
6125	210
8745	211
6643	212
9011	213
2907	214
3515	215
9622	216
4257	217
9327	218
4378	219
1342	220
2530	221
4304	222
2560	223
4338	224
1013	225
2229	226
6445	227
7598	228
9600	229
8953	230
3047	231
2035	232
3344	233
665	234
7688	235
8365	236
8290	237
7640	238
205	239
8655	240
4876	241
9893	242
838	243
1410	244
8417	245
5809	246
2005	247
7714	248
8631	249
897	250
1326	251
3983	252
1804	253
3063	254
5459	255
8124	256
4041	257
2880	258
1058	259
719	260
4342	261
4858	262
6824	263
3435	264
567	265
3354	266
9811	267
6779	268
9421	269
9337	270
7139	271
8728	272
1792	273
7028	274
6621	275
9758	276
5284	277
4292	278
4541	279
4671	280
9356	281
7890	282
6527	283
1769	284
6037	285
9601	286
8616	287
7278	288
7872	289
8986	290
5736	291
3863	292
9320	293
1497	294
8529	295
7414	296
2621	297
5202	298
7244	299
17	300
2964	301
6510	302
4764	303
3178	304
1651	305
1631	306
3407	307
178	308
7470	309
5656	310
7496	311
4080	312
8310	313
8485	314
5032	315
8105	316
6997	317
738	318
8016	319
9773	320
1226	321
2989	322
88	323
3700	324
5054	325
6184	326
8209	327
8003	328
5608	329
8270	330
6381	331
869	332
3795	333
2714	334
7523	335
105	336
9485	337
7167	338
5803	339
7046	340
7521	341
6674	342
2879	343
8433	344
632	345
6935	346
5570	347
394	348
154	349
8427	350
7305	351
9289	352
7852	353
193	354
2817	355
8909	356
5621	357
2359	358
126	359
1745	360
2885	361
3159	362
7500	363
9837	364
3500	365
4279	366
7567	367
53	368
8981	369
4827	370
2224	371
2508	372
2528	373
612	374
5977	375
9661	376
3156	377
962	378
9854	379
8077	380
7819	381
2835	382
3797	383
9635	384
6757	385
5377	386
2299	387
4142	388
7109	389
1937	390
9438	391
4637	392
2157	393
7061	394
5061	395
1140	396
5287	397
2376	398
2462	399
3578	400
8010	401
3714	402
1239	403
8176	404
8143	405
5309	406
2562	407
3273	408
7579	409
4495	410
4078	411
3941	412
4481	413
8552	414
1060	415
1953	416
1808	417
6544	418
4766	419
9460	420
4442	421
9405	422
5222	423
7779	424
3321	425
1723	426
8447	427
1002	428
2233	429
1620	430
346	431
1857	432
8241	433
1120	434
5756	435
7862	436
3979	437
9569	438
6157	439
8966	440
6493	441
8549	442
8850	443
4405	444
279	445
5117	446
8082	447
4047	448
4105	449
607	450
4937	451
8934	452
7006	453
5840	454
8640	455
6846	456
6118	457
8710	458
2612	459
4387	460
7601	461
7483	462
6804	463
824	464
2395	465
5390	466
3141	467
5492	468
1866	469
4150	470
2503	471
4924	472
5661	473
9077	474
964	475
4414	476
1310	477
2928	478
9501	479
4489	480
9685	481
9540	482
7696	483
1432	484
235	485
3384	486
7803	487
9787	488
1264	489
1667	490
9703	491
4445	492
8454	493
6902	494
3405	495
7751	496
8774	497
6745	498
476	499
2281	500
5720	501
5146	502
7448	503
5159	504
8213	505
5107	506
2292	507
3393	508
217	509
778	510
6159	511
2597	512
2715	513
6806	514
6727	515
6409	516
8237	517
6625	518
3386	519
4845	520
4881	521
8060	522
3542	523
6588	524
1972	525
4706	526
2945	527
8171	528
338	529
5635	530
7798	531
8466	532
9023	533
7808	534
9774	535
3510	536
1646	537
4396	538
1535	539
5737	540
4358	541
626	542
7611	543
7456	544
2150	545
4369	546
2553	547
5897	548
488	549
4917	550
4796	551
1219	552
8471	553
7480	554
3997	555
7960	556
7644	557
9489	558
827	559
9256	560
8225	561
2118	562
482	563
2737	564
340	565
5009	566
8435	567
4698	568
4633	569
5171	570
2002	571
4780	572
133	573
5515	574
8379	575
4683	576
8153	577
9530	578
5396	579
3641	580
3587	581
6664	582
6697	583
8228	584
7148	585
8510	586
7152	587
9348	588
9177	589
9221	590
1458	591
3802	592
4967	593
1704	594
3896	595
317	596
4950	597
5357	598
3024	599
5216	600
6672	601
7545	602
9894	603
7693	604
6182	605
5969	606
327	607
7217	608
9881	609
2293	610
1418	611
9499	612
4822	613
4898	614
1068	615
5018	616
2708	617
6045	618
2854	619
664	620
5440	621
9346	622
8322	623
1861	624
1679	625
9070	626
21	627
9402	628
883	629
5811	630
6180	631
1948	632
7775	633
3016	634
2821	635
3442	636
7394	637
9919	638
4154	639
4915	640
8174	641
6151	642
9132	643
8731	644
3617	645
1260	646
4814	647
7078	648
2909	649
1281	650
7884	651
2218	652
5334	653
487	654
6243	655
6923	656
5439	657
165	658
2751	659
1356	660
8248	661
4044	662
403	663
6430	664
112	665
9587	666
5074	667
3707	668
889	669
3779	670
6382	671
3497	672
8808	673
2805	674
3202	675
1727	676
3437	677
42	678
5871	679
7660	680
4946	681
6119	682
3390	683
3049	684
1402	685
7546	686
8664	687
1224	688
3496	689
4479	690
3296	691
7989	692
3696	693
7594	694
5740	695
4349	696
2659	697
1969	698
7168	699
4114	700
2274	701
3742	702
6695	703
7183	704
8339	705
3604	706
5852	707
3973	708
7455	709
6539	710
8881	711
9519	712
3545	713
4920	714
5726	715
9099	716
6446	717
6339	718
8179	719
6270	720
8837	721
2712	722
1997	723
590	724
4792	725
8969	726
6115	727
4332	728
1721	729
3290	730
8418	731
316	732
578	733
4949	734
3440	735
8560	736
775	737
4160	738
2641	739
7691	740
4836	741
2595	742
1663	743
3653	744
2550	745
9173	746
3711	747
4689	748
9321	749
7830	750
2729	751
2497	752
1919	753
9230	754
5167	755
2210	756
6374	757
5948	758
8744	759
226	760
874	761
6051	762
8521	763
196	764
7864	765
5614	766
9031	767
2024	768
4694	769
7628	770
5356	771
2799	772
9779	773
8490	774
1710	775
3882	776
3502	777
138	778
1543	779
6546	780
6176	781
9171	782
1974	783
5189	784
7686	785
7243	786
4	787
8527	788
2592	789
9249	790
1482	791
5224	792
7298	793
5729	794
700	795
5337	796
3180	797
553	798
6876	799
3450	800
1954	801
5275	802
5874	803
2502	804
8770	805
1931	806
3388	807
6711	808
7009	809
386	810
2196	811
7445	812
6710	813
5064	814
804	815
7918	816
4783	817
5790	818
4980	819
7458	820
3153	821
6863	822
6423	823
9625	824
8657	825
3870	826
6775	827
2269	828
9137	829
692	830
2152	831
382	832
2515	833
5951	834
6754	835
8187	836
6536	837
8141	838
8903	839
6958	840
3101	841
1441	842
1933	843
9328	844
523	845
3247	846
7130	847
2891	848
1053	849
3385	850
4629	851
8617	852
3883	853
8330	854
4234	855
8763	856
2223	857
6086	858
925	859
3326	860
2133	861
8614	862
7745	863
7111	864
1365	865
2170	866
3465	867
1519	868
9547	869
785	870
1661	871
9304	872
2219	873
4815	874
9736	875
6102	876
520	877
7373	878
5179	879
3746	880
286	881
2514	882
5769	883
3939	884
3944	885
5558	886
3583	887
1455	888
4274	889
8230	890
7727	891
4731	892
8024	893
4475	894
2513	895
7019	896
9692	897
4384	898
4838	899
6137	900
7757	901
5627	902
1498	903
3034	904
730	905
9186	906
9506	907
5698	908
8901	909
9492	910
4994	911
9012	912
3838	913
291	914
3978	915
6627	916
679	917
6424	918
1759	919
6063	920
8227	921
3307	922
5453	923
9626	924
2687	925
8778	926
8804	927
1033	928
4492	929
3878	930
950	931
5173	932
5751	933
7533	934
4550	935
8978	936
4074	937
4220	938
1574	939
7313	940
8677	941
6189	942
3637	943
5372	944
7055	945
2722	946
1130	947
6993	948
6309	949
7734	950
1756	951
9310	952
8013	953
5449	954
7366	955
9674	956
477	957
6235	958
912	959
9124	960
8350	961
8048	962
70	963
374	964
8267	965
8307	966
517	967
3298	968
8262	969
2401	970
5876	971
3698	972
4385	973
4094	974
277	975
6732	976
7197	977
3002	978
9800	979
1617	980
3946	981
4560	982
9803	983
3540	984
1764	985
4919	986
2960	987
5503	988
1841	989
9895	990
4787	991
9475	992
8999	993
3836	994
2823	995
5890	996
5161	997
7554	998
1138	999
304	1000
7735	1001
9558	1002
5087	1003
387	1004
6638	1005
4988	1006
7371	1007
8409	1008
9330	1009
6454	1010
5199	1011
1471	1012
8586	1013
4656	1014
2731	1015
1229	1016
6143	1017
1076	1018
3775	1019
7702	1020
37	1021
5259	1022
7099	1023
8184	1024
5879	1025
3251	1026
9780	1027
5971	1028
2969	1029
8359	1030
4381	1031
2654	1032
3901	1033
7532	1034
1684	1035
7319	1036
7380	1037
3812	1038
1632	1039
2984	1040
7320	1041
588	1042
7549	1043
6605	1044
4803	1045
3622	1046
2520	1047
6008	1048
8733	1049
8020	1050
5996	1051
7104	1052
1970	1053
4286	1054
3316	1055
9907	1056
6443	1057
4619	1058
5709	1059
4383	1060
5274	1061
9051	1062
6780	1063
1613	1064
6108	1065
7461	1066
5360	1067
3994	1068
5460	1069
5514	1070
8273	1071
918	1072
3518	1073
642	1074
179	1075
1184	1076
6473	1077
10	1078
6346	1079
8347	1080
9284	1081
7977	1082
135	1083
404	1084
8675	1085
14	1086
4830	1087
2143	1088
1419	1089
2326	1090
2874	1091
3550	1092
6560	1093
1926	1094
9209	1095
3037	1096
3814	1097
3539	1098
2195	1099
9806	1100
1238	1101
5124	1102
236	1103
1372	1104
7203	1105
9528	1106
5231	1107
6	1108
3381	1109
3093	1110
5155	1111
29	1112
5294	1113
3961	1114
4022	1115
1323	1116
82	1117
8072	1118
1910	1119
6094	1120
4856	1121
6117	1122
5641	1123
1877	1124
9888	1125
6583	1126
3894	1127
6000	1128
3608	1129
6900	1130
5111	1131
4544	1132
8894	1133
334	1134
8102	1135
5313	1136
6061	1137
2803	1138
1691	1139
8338	1140
7677	1141
6	1142
1056	1143
2417	1144
7344	1145
3635	1146
1553	1147
1346	1148
1197	1149
7370	1150
224	1151
695	1152
1641	1153
7436	1154
6717	1155
2049	1156
5241	1157
5846	1158
1117	1159
516	1160
335	1161
6820	1162
3708	1163
5325	1164
450	1165
7105	1166
3966	1167
7239	1168
4775	1169
9889	1170
8950	1171
7834	1172
4048	1173
507	1174
3516	1175
7972	1176
6213	1177
1988	1178
7309	1179
339	1180
6509	1181
396	1182
1518	1183
3658	1184
5957	1185
7499	1186
6486	1187
7787	1188
416	1189
688	1190
5618	1191
2762	1192
9604	1193
4513	1194
2026	1195
2573	1196
207	1197
6962	1198
4522	1199
4141	1200
9866	1201
7225	1202
9168	1203
7654	1204
5123	1205
1818	1206
1901	1207
5425	1208
7683	1209
3225	1210
3945	1211
4536	1212
8535	1213
1398	1214
8697	1215
2030	1216
2105	1217
4599	1218
677	1219
8741	1220
4956	1221
5129	1222
6899	1223
5393	1224
1258	1225
3073	1226
53	1227
6281	1228
3501	1229
1980	1230
4958	1231
8256	1232
5707	1233
7164	1234
1633	1235
5557	1236
390	1237
1403	1238
9875	1239
241	1240
9194	1241
6442	1242
2037	1243
2543	1244
981	1245
5186	1246
5016	1247
3406	1248
6153	1249
4285	1250
6074	1251
1316	1252
454	1253
384	1254
5328	1255
1091	1256
4321	1257
6675	1258
1269	1259
3579	1260
4954	1261
3862	1262
3191	1263
6290	1264
3754	1265
1656	1266
6661	1267
4344	1268
7057	1269
2606	1270
3794	1271
4782	1272
9347	1273
7591	1274
5452	1275
7835	1276
1416	1277
5148	1278
8662	1279
3987	1280
6890	1281
7221	1282
8679	1283
108	1284
8178	1285
6601	1286
8822	1287
7517	1288
3817	1289
3864	1290
7205	1291
3285	1292
4639	1293
6006	1294
6422	1295
5785	1296
4976	1297
4627	1298
5381	1299
5266	1300
2096	1301
5901	1302
5567	1303
2262	1304
1097	1305
2861	1306
2404	1307
3220	1308
7938	1309
9362	1310
6947	1311
5581	1312
5457	1313
1311	1314
4879	1315
9476	1316
25	1317
9296	1318
766	1319
3134	1320
6549	1321
4356	1322
8021	1323
3484	1324
9162	1325
3915	1326
6864	1327
6201	1328
2328	1329
5991	1330
92	1331
4883	1332
1023	1333
3985	1334
1202	1335
7471	1336
666	1337
480	1338
2843	1339
6916	1340
3286	1341
2665	1342
8038	1343
2876	1344
7635	1345
7706	1346
5166	1347
7651	1348
7074	1349
2893	1350
992	1351
7941	1352
8058	1353
68	1354
1225	1355
7874	1356
6723	1357
449	1358
6485	1359
8087	1360
5310	1361
1136	1362
6865	1363
9451	1364
7017	1365
2241	1366
4287	1367
1872	1368
4684	1369
1241	1370
4807	1371
4705	1372
6569	1373
5754	1374
1580	1375
2709	1376
526	1377
4034	1378
5382	1379
7362	1380
9725	1381
4860	1382
8866	1383
9079	1384
4388	1385
1066	1386
6359	1387
7843	1388
3904	1389
6988	1390
9042	1391
9559	1392
843	1393
6941	1394
6815	1395
4753	1396
484	1397
1908	1398
7251	1399
8277	1400
1501	1401
5050	1402
2023	1403
4324	1404
7899	1405
2590	1406
7075	1407
7760	1408
7277	1409
1774	1410
4539	1411
9763	1412
3379	1413
5856	1414
1395	1415
9732	1416
2948	1417
7994	1418
5098	1419
3503	1420
1011	1421
8157	1422
7442	1423
8444	1424
8104	1425
5479	1426
3148	1427
7962	1428
9075	1429
8716	1430
754	1431
746	1432
9909	1433
181	1434
4548	1435
2962	1436
7024	1437
1272	1438
5808	1439
6838	1440
8259	1441
4825	1442
3106	1443
1758	1444
2	1445
8922	1446
6001	1447
6239	1448
5043	1449
9550	1450
3080	1451
6765	1452
7638	1453
2185	1454
2505	1455
8947	1456
2884	1457
4219	1458
8659	1459
6397	1460
1	1461
6272	1462
7895	1463
4006	1464
7196	1465
3613	1466
2268	1467
1	1468
2081	1469
9689	1470
3521	1471
2905	1472
796	1473
9442	1474
720	1475
4813	1476
8255	1477
4862	1478
7064	1479
219	1480
5497	1481
8491	1482
5934	1483
6476	1484
1185	1485
9667	1486
7058	1487
2831	1488
903	1489
503	1490
1925	1491
4311	1492
5110	1493
4961	1494
4187	1495
5801	1496
740	1497
2306	1498
4131	1499
156	1500
333	1501
6025	1502
1896	1503
130	1504
2544	1505
1493	1506
3965	1507
8803	1508
4686	1509
117	1510
1869	1511
8613	1512
5126	1513
3199	1514
6169	1515
3295	1516
2426	1517
7137	1518
865	1519
1299	1520
532	1521
5554	1522
8974	1523
306	1524
6807	1525
3908	1526
4603	1527
2987	1528
7796	1529
6318	1530
6524	1531
6642	1532
3577	1533
8201	1534
4201	1535
6229	1536
7923	1537
3796	1538
5477	1539
7671	1540
9614	1541
9615	1542
4098	1543
4903	1544
767	1545
2908	1546
5160	1547
2251	1548
7535	1549
4995	1550
9368	1551
152	1552
1041	1553
6844	1554
3981	1555
3924	1556
9824	1557
5471	1558
1092	1559
924	1560
4573	1561
6104	1562
1634	1563
3834	1564
459	1565
3616	1566
6598	1567
9413	1568
9418	1569
7784	1570
6667	1571
5859	1572
9274	1573
5706	1574
2377	1575
4059	1576
7485	1577
1188	1578
4894	1579
8544	1580
1298	1581
7729	1582
727	1583
8108	1584
9142	1585
5359	1586
2504	1587
7382	1588
3611	1589
9426	1590
4567	1591
941	1592
699	1593
6271	1594
9247	1595
6212	1596
3325	1597
4831	1598
7632	1599
9771	1600
5598	1601
3433	1602
4395	1603
1165	1604
3115	1605
4568	1606
4703	1607
8668	1608
51	1609
1638	1610
3146	1611
6161	1612
4206	1613
6669	1614
9717	1615
5312	1616
2414	1617
8983	1618
5242	1619
9423	1620
4460	1621
5548	1622
7566	1623
3505	1624
5744	1625
1983	1626
3498	1627
8501	1628
9062	1629
3750	1630
3074	1631
7538	1632
1552	1633
4895	1634
669	1635
5295	1636
9795	1637
6376	1638
3265	1639
6895	1640
9234	1641
7175	1642
1628	1643
9220	1644
3512	1645
5170	1646
2763	1647
2396	1648
9682	1649
5079	1650
5993	1651
7710	1652
1290	1653
7016	1654
4028	1655
8887	1656
4263	1657
1871	1658
5925	1659
9318	1660
6058	1661
7604	1662
9054	1663
9741	1664
5051	1665
3276	1666
7073	1667
2078	1668
3309	1669
1429	1670
6170	1671
4928	1672
9235	1673
1094	1674
2787	1675
2985	1676
5943	1677
6839	1678
1383	1679
3580	1680
9469	1681
6474	1682
6708	1683
4761	1684
9617	1685
7896	1686
9412	1687
9721	1688
9363	1689
52	1690
6636	1691
1682	1692
7733	1693
9258	1694
1511	1695
9831	1696
7512	1697
8415	1698
4042	1699
1133	1700
6653	1701
4330	1702
8587	1703
7844	1704
4490	1705
637	1706
1384	1707
7026	1708
5768	1709
1963	1710
2205	1711
1546	1712
6234	1713
7191	1714
715	1715
5560	1716
6813	1717
5454	1718
7039	1719
7000	1720
3353	1721
1328	1722
8152	1723
6439	1724
6252	1725
647	1726
5504	1727
5646	1728
4571	1729
556	1730
951	1731
7255	1732
6203	1733
76	1734
6556	1735
495	1736
3495	1737
4878	1738
4505	1739
1712	1740
3076	1741
8962	1742
6011	1743
7877	1744
7258	1745
5650	1746
3447	1747
3196	1748
6713	1749
194	1750
4572	1751
4587	1752
3075	1753
9288	1754
3642	1755
8809	1756
3475	1757
2846	1758
8422	1759
4148	1760
6489	1761
1124	1762
9483	1763
6208	1764
501	1765
5891	1766
7793	1767
1941	1768
5903	1769
7697	1770
5467	1771
7737	1772
9266	1773
3387	1774
448	1775
9564	1776
4269	1777
42	1778
6087	1779
1648	1780
5902	1781
8125	1782
9679	1783
6500	1784
8893	1785
8387	1786
9297	1787
6525	1788
3177	1789
186	1790
7749	1791
2109	1792
4100	1793
2558	1794
6222	1795
8612	1796
5355	1797
2777	1798
5473	1799
9116	1800
1722	1801
9160	1802
8192	1803
4119	1804
1218	1805
4221	1806
5073	1807
2826	1808
4320	1809
6453	1810
5533	1811
373	1812
1495	1813
5818	1814
3042	1815
9750	1816
1386	1817
2409	1818
9341	1819
8661	1820
9677	1821
1378	1822
7230	1823
7850	1824
1174	1825
4345	1826
7581	1827
882	1828
2145	1829
2305	1830
6633	1831
7171	1832
7145	1833
4210	1834
4932	1835
2438	1836
1379	1837
8052	1838
114	1839
6462	1840
2385	1841
9097	1842
1210	1843
2624	1844
3960	1845
8210	1846
2877	1847
2022	1848
8632	1849
8080	1850
4774	1851
5020	1852
3532	1853
1956	1854
662	1855
694	1856
8236	1857
1433	1858
349	1859
5933	1860
5766	1861
1538	1862
8065	1863
8057	1864
1123	1865
1696	1866
2828	1867
4687	1868
876	1869
3427	1870
7955	1871
1567	1872
3044	1873
9084	1874
3305	1875
2202	1876
1854	1877
5596	1878
283	1879
1313	1880
9474	1881
4713	1882
305	1883
6128	1884
9572	1885
9593	1886
6496	1887
4652	1888
499	1889
8547	1890
9241	1891
2	1892
9342	1893
8946	1894
60	1895
4374	1896
9244	1897
7041	1898
6671	1899
7123	1900
5277	1901
5027	1902
9129	1903
8363	1904
9654	1905
1566	1906
1245	1907
5394	1908
6004	1909
1887	1910
8323	1911
6855	1912
7659	1913
8517	1914
1977	1915
3827	1916
3576	1917
2169	1918
4156	1919
3832	1920
9687	1921
9720	1922
3163	1923
7970	1924
7648	1925
6033	1926
1881	1927
3428	1928
9579	1929
6792	1930
2934	1931
6547	1932
7658	1933
2025	1934
8700	1935
2717	1936
9525	1937
6047	1938
8200	1939
3229	1940
5886	1941
7761	1942
616	1943
5340	1944
751	1945
4934	1946
7270	1947
6851	1948
2353	1949
1286	1950
6449	1951
263	1952
6092	1953
427	1954
1370	1955
8683	1956
4872	1957
8406	1958
1057	1959
44	1960
7172	1961
9670	1962
1102	1963
6198	1964
3204	1965
769	1966
8506	1967
6146	1968
7486	1969
8695	1970
4211	1971
6591	1972
3446	1973
3548	1974
8388	1975
5981	1976
7597	1977
2968	1978
73	1979
2933	1980
8238	1981
5779	1982
7452	1983
1903	1984
7207	1985
1544	1986
4196	1987
4264	1988
5653	1989
5942	1990
1893	1991
7527	1992
6185	1993
793	1994
987	1995
8150	1996
2781	1997
3519	1998
9527	1999
1781	2000
9067	2001
558	2002
7823	2003
1831	2004
4610	2005
3027	2006
3420	2007
745	2008
7386	2009
9820	2010
9214	2011
7119	2012
7694	2013
9684	2014
3411	2015
2790	2016
4504	2017
131	2018
904	2019
1863	2020
2247	2021
8061	2022
5686	2023
2748	2024
5033	2025
6781	2026
184	2027
5675	2028
366	2029
4127	2030
182	2031
7502	2032
7126	2033
8531	2034
4021	2035
3267	2036
5696	2037
8243	2038
5434	2039
9176	2040
9883	2041
1767	2042
1635	2043
3242	2044
7917	2045
4435	2046
3171	2047
811	2048
113	2049
7949	2050
8145	2051
2260	2052
601	2053
6181	2054
5056	2055
9372	2056
1828	2057
1799	2058
9880	2059
7943	2060
9179	2061
5376	2062
3222	2063
909	2064
4635	2065
5200	2066
4551	2067
5717	2068
4925	2069
9141	2070
3258	2071
3065	2072
8708	2073
1155	2074
5058	2075
6676	2076
2526	2077
6961	2078
6658	2079
4904	2080
9643	2081
5082	2082
4228	2083
4736	2084
8302	2085
3959	2086
4346	2087
7439	2088
4646	2089
3013	2090
1373	2091
7721	2092
7166	2093
223	2094
2486	2095
266	2096
3348	2097
7634	2098
6197	2099
3464	2100
5156	2101
5624	2102
5071	2103
3538	2104
5949	2105
3412	2106
2294	2107
4418	2108
3158	2109
2177	2110
6199	2111
5984	2112
4623	2113
1604	2114
8994	2115
2166	2116
28	2117
3194	2118
8332	2119
4231	2120
5178	2121
7334	2122
7736	2123
5431	2124
6548	2125
8116	2126
3927	2127
48	2128
2888	2129
500	2130
7707	2131
3537	2132
4071	2133
2916	2134
8566	2135
4077	2136
96	2137
3762	2138
4849	2139
1545	2140
8793	2141
3143	2142
9448	2143
6578	2144
4614	2145
830	2146
3699	2147
8625	2148
833	2149
2020	2150
3686	2151
2740	2152
9839	2153
3694	2154
703	2155
7621	2156
4450	2157
6619	2158
1809	2159
5465	2160
7510	2161
6289	2162
7300	2163
5057	2164
5273	2165
9010	2166
5976	2167
3785	2168
2509	2169
7173	2170
8636	2171
7501	2172
5038	2173
6800	2174
6699	2175
25	2176
1523	2177
2246	2178
2966	2179
8834	2180
2983	2181
3165	2182
1314	2183
3974	2184
1247	2185
3759	2186
5723	2187
377	2188
4733	2189
8372	2190
7719	2191
1528	2192
9034	2193
2540	2194
7946	2195
3328	2196
204	2197
7961	2198
8596	2199
7430	2200
6557	2201
8457	2202
2134	2203
3936	2204
1113	2205
1880	2206
4240	2207
9545	2208
2461	2209
4444	2210
9634	2211
9045	2212
8694	2213
9299	2214
2924	2215
9204	2216
2103	2217
1845	2218
158	2219
4348	2220
834	2221
1454	2222
3565	2223
1191	2224
2167	2225
1315	2226
9676	2227
1677	2228
5462	2229
1572	2230
5705	2231
7393	2232
9429	2233
5125	2234
9805	2235
4019	2236
5989	2237
203	2238
8630	2239
4693	2240
3509	2241
4272	2242
2249	2243
4524	2244
2549	2245
1459	2246
7553	2247
3043	2248
9576	2249
9668	2250
4267	2251
9157	2252
9018	2253
2071	2254
5228	2255
7802	2256
8740	2257
4892	2258
3592	2259
6702	2260
4669	2261
6251	2262
1929	2263
2087	2264
8324	2265
6626	2266
7568	2267
1990	2268
1943	2269
4865	2270
8806	2271
1065	2272
6291	2273
2051	2274
4742	2275
8743	2276
1999	2277
2857	2278
4585	2279
5747	2280
1891	2281
4677	2282
8107	2283
3297	2284
5660	2285
8007	2286
879	2287
4795	2288
2667	2289
1360	2290
1914	2291
5022	2292
3680	2293
6789	2294
8413	2295
9041	2296
185	2297
2658	2298
5008	2299
986	2300
589	2301
1852	2302
1534	2303
6793	2304
6891	2305
5234	2306
9294	2307
5247	2308
4891	2309
9111	2310
6332	2311
689	2312
4465	2313
2384	2314
5139	2315
8685	2316
2616	2317
8846	2318
800	2319
8937	2320
6521	2321
6657	2322
7071	2323
8378	2324
5758	2325
7423	2326
2952	2327
9223	2328
1288	2329
3536	2330
8688	2331
1295	2332
4875	2333
9282	2334
5941	2335
1789	2336
3250	2337
4929	2338
8028	2339
3824	2340
9586	2341
3629	2342
1770	2343
5795	2344
9696	2345
18	2346
1571	2347
7622	2348
6282	2349
4972	2350
5793	2351
1557	2352
1851	2353
498	2354
3743	2355
8199	2356
7154	2357
6334	2358
8623	2359
1591	2360
1791	2361
4564	2362
6402	2363
6417	2364
920	2365
352	2366
5150	2367
7610	2368
8455	2369
8426	2370
9884	2371
8333	2372
2603	2373
877	2374
7037	2375
3675	2376
5797	2377
7929	2378
3007	2379
8508	2380
4923	2381
9651	2382
667	2383
7586	2384
6156	2385
7642	2386
6519	2387
9208	2388
457	2389
7081	2390
2187	2391
9554	2392
7281	2393
402	2394
408	2395
3590	2396
7781	2397
9096	2398
4249	2399
6562	2400
1565	2401
5610	2402
3588	2403
8464	2404
2779	2405
3184	2406
2321	2407
6788	2408
4176	2409
3853	2410
8752	2411
3210	2412
4691	2413
6705	2414
252	2415
3726	2416
5267	2417
8729	2418
1135	2419
7772	2420
946	2421
9199	2422
8477	2423
5562	2424
2759	2425
1145	2426
9612	2427
2524	2428
6973	2429
1714	2430
8955	2431
2097	2432
2273	2433
9555	2434
5763	2435
6420	2436
2807	2437
4851	2438
3104	2439
1487	2440
8558	2441
7215	2442
5836	2443
7432	2444
46	2445
4357	2446
7497	2447
2844	2448
968	2449
4834	2450
7413	2451
6480	2452
8309	2453
9589	2454
4186	2455
6778	2456
1562	2457
2753	2458
6120	2459
2060	2460
6263	2461
1707	2462
9218	2463
3260	2464
5353	2465
6323	2466
1105	2467
7349	2468
6447	2469
4695	2470
1000	2471
4723	2472
6614	2473
9206	2474
1411	2475
4394	2476
1111	2477
8380	2478
6132	2479
1340	2480
3257	2481
7732	2482
3566	2483
3339	2484
4755	2485
7780	2486
8949	2487
9835	2488
8672	2489
5238	2490
7399	2491
6021	2492
887	2493
732	2494
9059	2495
9001	2496
2074	2497
4171	2498
7181	2499
3	2500
5120	2501
6187	2502
7431	2503
7144	2504
2148	2505
6357	2506
6328	2507
1444	2508
8106	2509
7242	2510
2842	2511
5973	2512
1485	2513
4208	2514
7369	2515
1813	2516
2638	2517
4050	2518
8027	2519
1536	2520
5403	2521
5594	2522
2906	2523
8573	2524
7887	2525
3313	2526
8478	2527
8084	2528
4	2529
6216	2530
4125	2531
4174	2532
5534	2533
3866	2534
7678	2535
6391	2536
9827	2537
8254	2538
8198	2539
584	2540
2216	2541
5831	2542
9192	2543
786	2544
1542	2545
269	2546
3322	2547
4035	2548
3914	2549
4673	2550
7149	2551
4326	2552
5384	2553
4439	2554
8936	2555
1516	2556
8440	2557
9245	2558
9711	2559
2552	2560
318	2561
6515	2562
4438	2563
2699	2564
7829	2565
1008	2566
8973	2567
9828	2568
8205	2569
2958	2570
3932	2571
4857	2572
668	2573
2265	2574
7053	2575
4331	2576
7774	2577
9263	2578
4941	2579
4213	2580
5516	2581
4024	2582
1339	2583
2894	2584
8327	2585
8957	2586
8397	2587
1085	2588
7355	2589
4667	2590
2951	2591
4752	2592
4350	2593
1016	2594
4145	2595
2405	2596
3935	2597
3815	2598
1440	2599
3810	2600
1606	2601
5448	2602
6681	2603
2677	2604
6968	2605
9872	2606
7188	2607
5220	2608
4547	2609
768	2610
1747	2611
797	2612
5994	2613
34	2614
4613	2615
7415	2616
2720	2617
329	2618
1089	2619
533	2620
4569	2621
3422	2622
7897	2623
9038	2624
8326	2625
9087	2626
7052	2627
8245	2628
7114	2629
5209	2630
586	2631
1703	2632
6631	2633
9211	2634
9432	2635
3434	2636
4768	2637
4821	2638
8817	2639
6770	2640
1717	2641
5700	2642
54	2643
9424	2644
2692	2645
2456	2646
297	2647
64	2648
4370	2649
9207	2650
75	2651
6433	2652
2953	2653
8522	2654
8064	2655
3472	2656
36	2657
4485	2658
5579	2659
4909	2660
1743	2661
3916	2662
2355	2663
8888	2664
8424	2665
3977	2666
2174	2667
1051	2668
4826	2669
9095	2670
3561	2671
2257	2672
6210	2673
4069	2674
5315	2675
3	2676
3530	2677
1570	2678
7870	2679
5666	2680
9195	2681
5523	2682
6123	2683
4081	2684
5960	2685
9376	2686
3358	2687
4886	2688
635	2689
6532	2690
4590	2691
7224	2692
8308	2693
654	2694
8316	2695
9699	2696
8895	2697
8489	2698
8670	2699
190	2700
9789	2701
5899	2702
481	2703
5320	2704
5843	2705
6494	2706
3969	2707
3555	2708
1905	2709
9286	2710
2283	2711
9110	2712
145	2713
6637	2714
2349	2715
2072	2716
6764	2717
8083	2718
2866	2719
1882	2720
239	2721
3361	2722
2277	2723
3488	2724
1217	2725
3657	2726
1668	2727
5932	2728
4467	2729
867	2730
5096	2731
9003	2732
4380	2733
8109	2734
5685	2735
5733	2736
9691	2737
690	2738
6418	2739
756	2740
6812	2741
6310	2742
147	2743
4801	2744
8231	2745
6134	2746
3469	2747
5970	2748
617	2749
3087	2750
582	2751
6737	2752
1996	2753
1252	2754
4075	2755
9481	2756
4133	2757
1586	2758
4690	2759
942	2760
4252	2761
6683	2762
6370	2763
6808	2764
7603	2765
2867	2766
8634	2767
7645	2768
8066	2769
2547	2770
3593	2771
8705	2772
748	2773
7339	2774
2873	2775
5731	2776
2769	2777
8101	2778
7072	2779
649	2780
4470	2781
6166	2782
5163	2783
6085	2784
6616	2785
4229	2786
4900	2787
2129	2788
7441	2789
7809	2790
6724	2791
5205	2792
3544	2793
7389	2794
3993	2795
7880	2796
5822	2797
6767	2798
1355	2799
6870	2800
4168	2801
359	2802
799	2803
2735	2804
2798	2805
9898	2806
61	2807
4002	2808
2352	2809
2144	2810
4770	2811
2841	2812
6386	2813
8229	2814
8170	2815
1371	2816
2154	2817
4307	2818
4576	2819
6479	2820
7902	2821
7337	2822
5823	2823
188	2824
4239	2825
308	2826
7411	2827
5813	2828
8168	2829
1608	2830
9675	2831
6986	2832
4848	2833
4283	2834
5413	2835
187	2836
3731	2837
1902	2838
2382	2839
2400	2840
1509	2841
9665	2842
8772	2843
3763	2844
5493	2845
9178	2846
7092	2847
3064	2848
3771	2849
5196	2850
7402	2851
6249	2852
9419	2853
2705	2854
1529	2855
4158	2856
3367	2857
3025	2858
6387	2859
8682	2860
3728	2861
514	2862
446	2863
4291	2864
8296	2865
2302	2866
2840	2867
9089	2868
8816	2869
1045	2870
7804	2871
4115	2872
447	2873
4440	2874
7708	2875
5556	2876
406	2877
197	2878
2178	2879
5837	2880
3600	2881
2442	2882
2691	2883
5264	2884
9537	2885
1446	2886
2254	2887
9119	2888
9080	2889
4717	2890
9581	2891
3677	2892
3120	2893
8385	2894
6408	2895
6554	2896
5775	2897
1876	2898
6688	2899
195	2900
5631	2901
2138	2902
6276	2903
8242	2904
2802	2905
5580	2906
5046	2907
4365	2908
6518	2909
3792	2910
3513	2911
2868	2912
3741	2913
1306	2914
1341	2915
1879	2916
4606	2917
7953	2918
7185	2919
6405	2920
1319	2921
7913	2922
5297	2923
7570	2924
7557	2925
725	2926
9761	2927
8172	2928
3656	2929
3470	2930
4293	2931
9516	2932
6158	2933
3463	2934
4055	2935
7974	2936
1146	2937
6392	2938
4955	2939
3364	2940
8897	2941
5690	2942
18	2943
1143	2944
9359	2945
1713	2946
1259	2947
7425	2948
8899	2949
9918	2950
8518	2951
3643	2952
2607	2953
8645	2954
2988	2955
5318	2956
6758	2957
2574	2958
4823	2959
6794	2960
1488	2961
2342	2962
4632	2963
8474	2964
3012	2965
9611	2966
8328	2967
1601	2968
7987	2969
7993	2970
6553	2971
7127	2972
2972	2973
4430	2974
6893	2975
288	2976
853	2977
9690	2978
960	2979
7653	2980
9386	2981
3284	2982
2252	2983
1849	2984
1924	2985
8	2986
2176	2987
8724	2988
701	2989
6587	2990
2314	2991
3693	2992
6889	2993
2809	2994
2572	2995
4785	2996
6364	2997
1802	2998
9046	2999
1786	3000
4598	3001
1470	3002
7412	3003
2711	3004
7378	3005
6959	3006
4681	3007
3984	3008
6810	3009
5048	3010
2361	3011
5829	3012
2689	3013
4653	3014
4086	3015
2648	3016
3211	3017
8933	3018
2580	3019
818	3020
8577	3021
9666	3022
2168	3023
8100	3024
9236	3025
4164	3026
2773	3027
1367	3028
1301	3029
6542	3030
1473	3031
652	3032
8177	3033
4852	3034
1778	3035
2500	3036
9899	3037
4363	3038
640	3039
7692	3040
2739	3041
6802	3042
3019	3043
7424	3044
2534	3045
9863	3046
2111	3047
9136	3048
5999	3049
6005	3050
8398	3051
3089	3052
9769	3053
2402	3054
5371	3055
5458	3056
4109	3057
2433	3058
7731	3059
3819	3060
115	3061
3937	3062
5077	3063
5339	3064
2235	3065
6110	3066
8610	3067
5600	3068
5538	3069
8297	3070
7709	3071
2801	3072
6191	3073
6814	3074
9852	3075
54	3076
8784	3077
3224	3078
8945	3079
4751	3080
8216	3081
3859	3082
7650	3083
4730	3084
8642	3085
5719	3086
61	3087
2285	3088
3055	3089
5883	3090
5157	3091
2203	3092
1957	3093
2626	3094
8775	3095
576	3096
8044	3097
7249	3098
5858	3099
8628	3100
8251	3101
3615	3102
6266	3103
3270	3104
2107	3105
2872	3106
4399	3107
870	3108
6596	3109
2208	3110
9538	3111
4754	3112
1380	3113
8917	3114
9053	3115
8938	3116
1706	3117
3857	3118
5207	3119
353	3120
9580	3121
9495	3122
3380	3123
2834	3124
8842	3125
7672	3126
7817	3127
1819	3128
2397	3129
2853	3130
1643	3131
7833	3132
1506	3133
6121	3134
6112	3135
7453	3136
8439	3137
8607	3138
5198	3139
7329	3140
8764	3141
2601	3142
6452	3143
1012	3144
3312	3145
8449	3146
2473	3147
4534	3148
3821	3149
2730	3150
899	3151
7128	3152
5374	3153
4026	3154
5783	3155
4979	3156
3770	3157
4193	3158
917	3159
9523	3160
7253	3161
1162	3162
2918	3163
3546	3164
7409	3165
1917	3166
1006	3167
7134	3168
5760	3169
1166	3170
5868	3171
2570	3172
8737	3173
9040	3174
9748	3175
8882	3176
5880	3177
9817	3178
3376	3179
7018	3180
8831	3181
826	3182
1180	3183
2296	3184
5667	3185
610	3186
6073	3187
2683	3188
2444	3189
7924	3190
4580	3191
1947	3192
3738	3193
8977	3194
5704	3195
6886	3196
2619	3197
3528	3198
3200	3199
5333	3200
8971	3201
4738	3202
4727	3203
1587	3204
3589	3205
5776	3206
8761	3207
963	3208
8684	3209
615	3210
7646	3211
5885	3212
1738	3213
1492	3214
1579	3215
3445	3216
6756	3217
5250	3218
6883	3219
1193	3220
3057	3221
9470	3222
5474	3223
1198	3224
6736	3225
1478	3226
1153	3227
6572	3228
6425	3229
3033	3230
3671	3231
837	3232
4325	3233
5838	3234
9364	3235
1104	3236
9862	3237
2086	3238
871	3239
2784	3240
3549	3241
6609	3242
3787	3243
2388	3244
3271	3245
5863	3246
9408	3247
6355	3248
9430	3249
5237	3250
287	3251
2571	3252
6090	3253
6747	3254
7904	3255
2651	3256
5648	3257
4151	3258
7971	3259
5940	3260
6274	3261
232	3262
1369	3263
3436	3264
2368	3265
7266	3266
6707	3267
99	3268
3072	3269
485	3270
7593	3271
4578	3272
2499	3273
1308	3274
1465	3275
6817	3276
3729	3277
5545	3278
32	3279
6809	3280
9122	3281
2839	3282
8045	3283
9088	3284
4243	3285
7155	3286
7065	3287
5172	3288
5655	3289
6205	3290
5651	3291
5176	3292
2053	3293
8671	3294
812	3295
1532	3296
7915	3297
9068	3298
1520	3299
8849	3300
5487	3301
7756	3302
261	3303
1711	3304
4769	3305
5265	3306
4443	3307
3897	3308
7301	3309
9049	3310
5379	3311
5321	3312
2159	3313
3132	3314
979	3315
6837	3316
1283	3317
3150	3318
5742	3319
7176	3320
1681	3321
8624	3322
2697	3323
4477	3324
787	3325
5144	3326
3674	3327
397	3328
7398	3329
6692	3330
7202	3331
1075	3332
9431	3333
4527	3334
774	3335
9648	3336
3301	3337
6394	3338
6904	3339
9317	3340
2786	3341
2077	3342
1616	3343
7	3344
3835	3345
8301	3346
8802	3347
3293	3348
8450	3349
3720	3350
1476	3351
729	3352
5193	3353
9504	3354
161	3355
3121	3356
5302	3357
2042	3358
5067	3359
300	3360
7051	3361
7311	3362
3903	3363
3662	3364
6103	3365
6308	3366
4067	3367
5687	3368
3976	3369
6081	3370
8207	3371
7180	3372
7328	3373
3125	3374
7211	3375
8317	3376
8142	3377
6211	3378
5021	3379
1750	3380
2073	3381
9024	3382
7473	3383
7477	3384
8341	3385
7335	3386
1539	3387
5000	3388
4977	3389
2340	3390
5062	3391
2878	3392
1456	3393
3702	3394
9764	3395
4072	3396
5422	3397
5433	3398
3477	3399
3360	3400
5750	3401
2912	3402
5593	3403
8062	3404
3840	3405
1007	3406
2175	3407
6576	3408
4985	3409
944	3410
9242	3411
1674	3412
6728	3413
6390	3414
1928	3415
8001	3416
4262	3417
4914	3418
723	3419
6650	3420
5552	3421
6126	3422
6786	3423
7340	3424
1297	3425
5997	3426
9630	3427
6783	3428
6811	3429
1490	3430
3780	3431
4503	3432
7539	3433
6410	3434
2099	3435
1112	3436
3558	3437
1946	3438
1978	3439
2758	3440
5282	3441
2221	3442
3423	3443
4759	3444
6628	3445
2399	3446
4974	3447
9900	3448
3789	3449
7888	3450
9660	3451
3413	3452
6384	3453
3176	3454
4029	3455
5919	3456
4428	3457
504	3458
3942	3459
8394	3460
9262	3461
6795	3462
8035	3463
3001	3464
6645	3465
3240	3466
4183	3467
9488	3468
8121	3469
5906	3470
591	3471
6597	3472
9371	3473
8479	3474
1794	3475
1164	3476
5455	3477
2454	3478
9641	3479
63	3480
3933	3481
2978	3482
1660	3483
4143	3484
1968	3485
9743	3486
7045	3487
1348	3488
7263	3489
2661	3490
2136	3491
6772	3492
4318	3493
3248	3494
9594	3495
771	3496
2261	3497
7044	3498
8382	3499
7403	3500
1771	3501
3319	3502
1731	3503
8563	3504
8223	3505
2430	3506
7963	3507
2666	3508
9688	3509
8730	3510
1445	3511
9681	3512
6167	3513
1766	3514
1087	3515
1477	3516
6501	3517
3208	3518
8279	3519
1072	3520
2013	3521
4427	3522
9561	3523
5002	3524
4222	3525
8765	3526
8997	3527
7543	3528
5917	3529
5746	3530
850	3531
7276	3532
7575	3533
6964	3534
5930	3535
6662	3536
8390	3537
6602	3538
5319	3539
5799	3540
5985	3541
2379	3542
3060	3543
2559	3544
4327	3545
8534	3546
6951	3547
3880	3548
557	3549
7975	3550
4868	3551
8320	3552
3020	3553
4126	3554
7315	3555
6319	3556
63	3557
2716	3558
6752	3559
8851	3560
7357	3561
6922	3562
2686	3563
9121	3564
6822	3565
2672	3566
6854	3567
2613	3568
411	3569
8247	3570
9799	3571
3426	3572
3392	3573
2318	3574
5647	3575
5915	3576
2014	3577
2896	3578
7367	3579
9367	3580
5963	3581
4877	3582
7836	3583
3980	3584
3523	3585
9104	3586
2028	3587
4605	3588
1922	3589
4817	3590
5684	3591
6329	3592
4265	3593
5665	3594
6257	3595
4829	3596
7891	3597
140	3598
5147	3599
2506	3600
5850	3601
1623	3602
940	3603
923	3604
3547	3605
7204	3606
45	3607
3030	3608
3760	3609
440	3610
365	3611
8299	3612
5848	3613
8889	3614
807	3615
6097	3616
2701	3617
9890	3618
1503	3619
5130	3620
9043	3621
8539	3622
4278	3623
5412	3624
5344	3625
7908	3626
3389	3627
215	3628
9490	3629
3956	3630
3970	3631
6163	3632
736	3633
6084	3634
8240	3635
2360	3636
9170	3637
9138	3638
4199	3639
8570	3640
7580	3641
2146	3642
1305	3643
3595	3644
2649	3645
9293	3646
3462	3647
6379	3648
8484	3649
8800	3650
9251	3651
8536	3652
8777	3653
6015	3654
929	3655
697	3656
7730	3657
4106	3658
816	3659
5164	3660
6528	3661
1361	3662
4162	3663
7562	3664
1029	3665
8796	3666
6248	3667
5047	3668
2370	3669
4847	3670
1860	3671
8524	3672
809	3673
705	3674
7985	3675
3162	3676
5908	3677
2757	3678
2947	3679
3468	3680
5599	3681
2131	3682
3967	3683
6604	3684
6725	3685
7495	3686
4135	3687
583	3688
2943	3689
5663	3690
7390	3691
6009	3692
159	3693
90	3694
7528	3695
4559	3696
8215	3697
4000	3698
1853	3699
8805	3700
7738	3701
8548	3702
9913	3703
7289	3704
43	3705
2904	3706
1	3707
7524	3708
3282	3709
2069	3710
412	3711
5759	3712
7385	3713
6140	3714
910	3715
6720	3716
3517	3717
9814	3718
7021	3719
5380	3720
2555	3721
208	3722
8252	3723
5289	3724
260	3725
8815	3726
4413	3727
4113	3728
5424	3729
1785	3730
2290	3731
8768	3732
515	3733
1469	3734
5544	3735
9582	3736
8734	3737
7033	3738
2316	3739
6909	3740
1200	3741
2165	3742
9833	3743
7976	3744
614	3745
7995	3746
4938	3747
7465	3748
1042	3749
9801	3750
9333	3751
4570	3752
4947	3753
2083	3754
6603	3755
9298	3756
1336	3757
2115	3758
6042	3759
7216	3760
5824	3761
3014	3762
1695	3763
660	3764
36	3765
5774	3766
1960	3767
6240	3768
3139	3769
1332	3770
251	3771
4043	3772
4594	3773
4473	3774
3734	3775
2856	3776
2643	3777
9130	3778
6026	3779
399	3780
7410	3781
4634	3782
2039	3783
7162	3784
3719	3785
4772	3786
2942	3787
9904	3788
7068	3789
4740	3790
6877	3791
6385	3792
9819	3793
8545	3794
471	3795
3872	3796
9638	3797
3476	3798
6927	3799
6468	3800
2935	3801
7623	3802
5881	3803
8920	3804
244	3805
2278	3806
9175	3807
5180	3808
2271	3809
1265	3810
9629	3811
5573	3812
8285	3813
4352	3814
6570	3815
2604	3816
7245	3817
8093	3818
5722	3819
8718	3820
7476	3821
2655	3822
9610	3823
3681	3824
4083	3825
1309	3826
5078	3827
1074	3828
4793	3829
7713	3830
2006	3831
5585	3832
7141	3833
5577	3834
8656	3835
2451	3836
9228	3837
7786	3838
9422	3839
1232	3840
5364	3841
6258	3842
9752	3843
2421	3844
9598	3845
3722	3846
4063	3847
8602	3848
1979	3849
3782	3850
922	3851
5566	3852
2864	3853
8954	3854
4065	3855
3041	3856
7878	3857
4095	3858
8972	3859
4045	3860
3991	3861
2312	3862
3920	3863
5815	3864
3614	3865
1173	3866
8872	3867
7088	3868
4601	3869
7193	3870
5506	3871
8291	3872
8118	3873
7231	3874
4596	3875
8797	3876
5034	3877
5878	3878
859	3879
1183	3880
5683	3881
8503	3882
5712	3883
3886	3884
7291	3885
7522	3886
4284	3887
2380	3888
3155	3889
5480	3890
3687	3891
6375	3892
4393	3893
4376	3894
8357	3895
9224	3896
2310	3897
4491	3898
4678	3899
4280	3900
8532	3901
605	3902
4799	3903
2694	3904
6607	3905
9428	3906
10	3907
2811	3908
3905	3909
2865	3910
6912	3911
1827	3912
8509	3913
7717	3914
9063	3915
5252	3916
8441	3917
9652	3918
9574	3919
5308	3920
4496	3921
844	3922
4545	3923
4195	3924
4130	3925
1496	3926
3346	3927
9553	3928
678	3929
1040	3930
8498	3931
9522	3932
6105	3933
5692	3934
2622	3935
6293	3936
1049	3937
9146	3938
227	3939
8288	3940
441	3941
8053	3942
1424	3943
4819	3944
3292	3945
3766	3946
7699	3947
6915	3948
2481	3949
7966	3950
1114	3951
9184	3952
2726	3953
9613	3954
6458	3955
5226	3956
7999	3957
1205	3958
8476	3959
153	3960
5725	3961
8114	3962
8099	3963
2768	3964
2066	3965
3338	3966
7450	3967
3275	3968
5654	3969
7656	3970
955	3971
2593	3972
7837	3973
9243	3974
5630	3975
2646	3976
2862	3977
9332	3978
9855	3979
7571	3980
1004	3981
3320	3982
4789	3983
1637	3984
7481	3985
104	3986
6581	3987
6491	3988
7408	3989
1600	3990
4612	3991
2561	3992
9007	3993
685	3994
7268	3995
2488	3996
3630	3997
9526	3998
747	3999
8399	4000
936	4001
4701	4002
7375	4003
2363	4004
2029	4005
525	4006
6450	4007
380	4008
2860	4009
1037	4010
7262	4011
835	4012
891	4013
3745	4014
9381	4015
9115	4016
540	4017
5825	4018
5251	4019
620	4020
5401	4021
9340	4022
4655	4023
4251	4024
1805	4025
155	4026
7867	4027
2304	4028
5708	4029
6342	4030
3227	4031
7150	4032
4643	4033
6141	4034
1964	4035
3241	4036
9400	4037
2332	4038
6012	4039
3715	4040
742	4041
8182	4042
8274	4043
3045	4044
4990	4045
6856	4046
8282	4047
3683	4048
8818	4049
4216	4050
9487	4051
424	4052
9166	4053
2226	4054
7905	4055
4359	4056
5263	4057
2630	4058
1965	4059
3950	4060
1159	4061
4159	4062
9902	4063
4275	4064
832	4065
1329	4066
6317	4067
8605	4068
4982	4069
6932	4070
429	4071
6029	4072
784	4073
7229	4074
7434	4075
6396	4076
5820	4077
5861	4078
7012	4079
8487	4080
9812	4081
2010	4082
1292	4083
6451	4084
1921	4085
3841	4086
3990	4087
521	4088
3366	4089
7518	4090
8091	4091
5584	4092
3324	4093
1780	4094
388	4095
5922	4096
2822	4097
9073	4098
9021	4099
6228	4100
2319	4101
8869	4102
9287	4103
7184	4104
714	4105
9396	4106
6448	4107
3317	4108
3444	4109
2315	4110
7368	4111
9567	4112
7174	4113
7192	4114
9349	4115
6734	4116
22	4117
8123	4118
7794	4119
5910	4120
3	4121
8488	4122
8073	4123
4452	4124
6200	4125
728	4126
7933	4127
150	4128
3399	4129
4839	4130
4602	4131
6259	4132
9650	4133
7201	4134
4665	4135
9112	4136
5697	4137
3419	4138
1447	4139
474	4140
3551	4141
2917	4142
2589	4143
1486	4144
6366	4145
8173	4146
7940	4147
6801	4148
7663	4149
9910	4150
9493	4151
5335	4152
8460	4153
4871	4154
7979	4155
7847	4156
1190	4157
1472	4158
1642	4159
7695	4160
4592	4161
9644	4162
6905	4163
1408	4164
3438	4165
2642	4166
41	4167
5752	4168
709	4169
1393	4170
4936	4171
4861	4172
4514	4173
7813	4174
5343	4175
9746	4176
11	4177
8646	4178
8304	4179
3023	4180
6514	4181
74	4182
7503	4183
7397	4184
1337	4185
8014	4186
5807	4187
3009	4188
3931	4189
9159	4190
9390	4191
8386	4192
6985	4193
8810	4194
3849	4195
5524	4196
9382	4197
2158	4198
9465	4199
2986	4200
9494	4201
7816	4202
5961	4203
6069	4204
2031	4205
8597	4206
8852	4207
1289	4208
8639	4209
2816	4210
3415	4211
7778	4212
6585	4213
2114	4214
3753	4215
545	4216
7934	4217
1434	4218
1734	4219
1653	4220
8611	4221
8811	4222
8005	4223
6738	4224
7475	4225
213	4226
4111	4227
7186	4228
2851	4229
9742	4230
4532	4231
4498	4232
9325	4233
2135	4234
7996	4235
8564	4236
3081	4237
8197	4238
9270	4239
3414	4240
5929	4241
4996	4242
3786	4243
1048	4244
5767	4245
7957	4246
9394	4247
3133	4248
6177	4249
2197	4250
109	4251
1312	4252
1811	4253
9556	4254
2001	4255
1351	4256
7855	4257
7544	4258
3958	4259
4964	4260
7070	4261
2063	4262
3504	4263
7681	4264
6872	4265
2434	4266
9216	4267
1816	4268
7387	4269
6989	4270
4089	4271
5718	4272
9305	4273
6152	4274
2425	4275
4184	4276
1636	4277
8461	4278
9094	4279
8008	4280
8202	4281
26	4282
8331	4283
9295	4284
3409	4285
6314	4286
5574	4287
2490	4288
4423	4289
5213	4290
273	4291
8281	4292
1626	4293
7468	4294
7988	4295
7927	4296
7750	4297
4031	4298
2151	4299
7374	4300
5181	4301
5100	4302
772	4303
7422	4304
9118	4305
2	4306
2213	4307
1147	4308
3761	4309
9557	4310
7376	4311
4970	4312
9552	4313
4144	4314
1659	4315
7116	4316
3397	4317
9704	4318
8620	4319
5336	4320
2804	4321
1317	4322
1649	4323
9591	4324
7922	4325
4397	4326
7577	4327
6884	4328
3644	4329
9541	4330
5391	4331
1036	4332
8663	4333
7103	4334
5626	4335
8619	4336
9343	4337
4885	4338
5197	4339
3705	4340
7618	4341
1894	4342
8115	4343
7704	4344
3138	4345
5945	4346
4333	4347
8942	4348
4082	4349
6245	4350
5490	4351
3807	4352
3031	4353
1690	4354
6887	4355
7959	4356
4453	4357
1793	4358
2493	4359
3096	4360
4237	4361
7165	4362
3718	4363
1167	4364
4015	4365
1944	4366
2000	4367
2336	4368
4565	4369
3351	4370
5757	4371
7079	4372
6933	4373
8031	4374
3467	4375
3122	4376
7356	4377
7947	4378
989	4379
9239	4380
1884	4381
4198	4382
7294	4383
8224	4384
106	4385
6918	4386
5526	4387
4337	4388
9624	4389
1077	4390
8776	4391
993	4392
587	4393
8819	4394
7170	4395
6023	4396
4921	4397
4512	4398
8709	4399
2760	4400
1413	4401
2754	4402
7954	4403
1874	4404
7883	4405
6589	4406
3029	4407
8749	4408
2695	4409
1330	4410
1483	4411
5240	4412
1390	4413
2303	4414
9275	4415
5229	4416
3968	4417
1761	4418
554	4419
9642	4420
9609	4421
990	4422
15	4423
7513	4424
6852	4425
8985	4426
8384	4427
846	4428
3394	4429
166	4430
2084	4431
5889	4432
5913	4433
7783	4434
8783	4435
7433	4436
428	4437
1187	4438
6693	4439
8294	4440
1137	4441
6432	4442
421	4443
5436	4444
3459	4445
2611	4446
7799	4447
7956	4448
5835	4449
7287	4450
1909	4451
5571	4452
1987	4453
7910	4454
5270	4455
9302	4456
6035	4457
1822	4458
618	4459
2967	4460
9503	4461
3526	4462
6571	4463
3485	4464
9036	4465
7858	4466
6992	4467
6945	4468
5435	4469
7769	4470
1986	4471
1098	4472
3451	4473
1585	4474
8519	4475
5968	4476
8131	4477
9154	4478
9120	4479
8932	4480
9618	4481
9377	4482
1973	4483
2883	4484
8930	4485
4760	4486
6173	4487
4361	4488
585	4489
2836	4490
8673	4491
2566	4492
3174	4493
3190	4494
5121	4495
3483	4496
8420	4497
6731	4498
5745	4499
6149	4500
3166	4501
6336	4502
563	4503
5106	4504
2657	4505
8915	4506
8944	4507
8239	4508
4146	4509
9765	4510
5031	4511
2680	4512
8863	4513
57	4514
8608	4515
9784	4516
1605	4517
6869	4518
4719	4519
4540	4520
2139	4521
9306	4522
4368	4523
1732	4524
2186	4525
2961	4526
9076	4527
7259	4528
9815	4529
6048	4530
7034	4531
2407	4532
8257	4533
580	4534
3187	4535
7345	4536
8079	4537
6246	4538
2776	4539
1284	4540
2518	4541
9871	4542
9457	4543
543	4544
5979	4545
1132	4546
4362	4547
999	4548
9584	4549
7489	4550
5104	4551
5918	4552
9172	4553
3586	4554
3219	4555
645	4556
2538	4557
3668	4558
546	4559
8967	4560
2173	4561
211	4562
3078	4563
6984	4564
7484	4565
4096	4566
6280	4567
2453	4568
7093	4569
3520	4570
643	4571
1775	4572
5833	4573
4122	4574
5262	4575
5279	4576
803	4577
604	4578
2813	4579
199	4580
1693	4581
1513	4582
4451	4583
5839	4584
6777	4585
5586	4586
3650	4587
7627	4588
7616	4589
7142	4590
5495	4591
5430	4592
6925	4593
4217	4594
7725	4595
3829	4596
9513	4597
1590	4598
5789	4599
84	4600
7178	4601
5864	4602
1788	4603
3499	4604
8696	4605
3661	4606
5549	4607
4398	4608
4939	4609
221	4610
7271	4611
4660	4612
8463	4613
7306	4614
2276	4615
6825	4616
4497	4617
8813	4618
1211	4619
4744	4620
9578	4621
8261	4622
4117	4623
5778	4624
2064	4625
7652	4626
401	4627
5256	4628
5765	4629
1644	4630
9777	4631
6241	4632
7676	4633
89	4634
6948	4635
6389	4636
201	4637
4478	4638
7331	4639
2364	4640
122	4641
3632	4642
6227	4643
5613	4644
7572	4645
8600	4646
3068	4647
2685	4648
7463	4649
2992	4650
1558	4651
5114	4652
2180	4653
5442	4654
4173	4655
956	4656
3455	4657
5409	4658
4905	4659
4887	4660
8289	4661
9190	4662
4908	4663
4177	4664
3490	4665
3466	4666
4121	4667
337	4668
6292	4669
7664	4670
5014	4671
1639	4672
79	4673
633	4674
6850	4675
5494	4676
3697	4677
4247	4678
4062	4679
3676	4680
6513	4681
9649	4682
6472	4683
470	4684
110	4685
4402	4686
3678	4687
5083	4688
3334	4689
1875	4690
4137	4691
6300	4692
9571	4693
2847	4694
1350	4695
7091	4696
5496	4697
5103	4698
933	4699
5508	4700
7641	4701
657	4702
2179	4703
1583	4704
1951	4705
9264	4706
4014	4707
7379	4708
2240	4709
4535	4710
1494	4711
52	4712
9279	4713
6512	4714
1389	4715
6365	4716
1848	4717
2752	4718
7330	4719
7689	4720
257	4721
9850	4722
6254	4723
5519	4724
8948	4725
2032	4726
7615	4727
8373	4728
5633	4729
1581	4730
627	4731
3291	4732
1599	4733
8352	4734
8588	4735
3902	4736
4975	4737
5475	4738
2994	4739
5905	4740
4297	4741
5992	4742
7047	4743
5528	4744
8360	4745
3846	4746
2466	4747
4638	4748
5572	4749
3798	4750
819	4751
9588	4752
847	4753
7675	4754
5677	4755
7227	4756
8827	4757
7932	4758
888	4759
1814	4760
3907	4761
572	4762
5715	4763
9857	4764
9098	4765
6303	4766
3999	4767
8998	4768
3230	4769
6144	4770
4726	4771
463	4772
1020	4773
418	4774
1271	4775
3514	4776
8595	4777
7200	4778
9238	4779
6931	4780
2041	4781
1412	4782
5983	4783
7381	4784
5499	4785
1575	4786
1364	4787
2222	4788
1622	4789
1671	4790
8407	4791
7811	4792
7600	4793
8727	4794
5317	4795
3395	4796
1420	4797
3369	4798
8906	4799
3378	4800
6404	4801
9709	4802
3457	4803
2215	4804
5939	4805
2052	4806
1275	4807
6823	4808
7265	4809
2132	4810
5296	4811
2335	4812
5923	4813
4218	4814
6769	4815
9407	4816
3585	4817
5140	4818
2279	4819
6178	4820
7264	4821
1627	4822
9734	4823
9441	4824
420	4825
2472	4826
9117	4827
7606	4828
7015	4829
4645	4830
9783	4831
8364	4832
103	4833
3189	4834
5583	4835
8349	4836
8018	4837
6024	4838
9187	4839
1070	4840
6106	4841
7083	4842
9125	4843
4962	4844
1934	4845
5498	4846
914	4847
9456	4848
398	4849
9331	4850
4153	4851
1508	4852
2367	4853
8419	4854
3929	4855
19	4856
1836	4857
4542	4858
409	4859
4809	4860
7661	4861
3051	4862
1083	4863
9785	4864
1442	4865
5118	4866
9265	4867
8493	4868
220	4869
1307	4870
6943	4871
735	4872
5617	4873
3263	4874
6670	4875
881	4876
3800	4877
2800	4878
8841	4879
7447	4880
2797	4881
4288	4882
1115	4883
1108	4884
9905	4885
4618	4886
4426	4887
6729	4888
8311	4889
2498	4890
2440	4891
1436	4892
2468	4893
405	4894
4011	4895
9074	4896
7299	4897
9250	4898
5860	4899
9065	4900
2286	4901
43	4902
724	4903
5555	4904
6914	4905
1168	4906
1359	4907
5304	4908
9028	4909
6868	4910
3899	4911
6250	4912
4341	4913
7505	4914
2633	4915
5300	4916
2584	4917
2635	4918
7901	4919
3881	4920
4798	4921
5387	4922
5875	4923
8244	4924
5168	4925
6393	4926
1405	4927
8853	4928
1765	4929
4079	4930
3646	4931
2652	4932
8755	4933
1676	4934
9427	4935
2371	4936
3188	4937
1994	4938
820	4939
3157	4940
6690	4941
1059	4942
6038	4943
1886	4944
9760	4945
5113	4946
1462	4947
6924	4948
2016	4949
625	4950
7396	4951
7893	4952
8059	4953
5805	4954
8870	4955
7937	4956
1593	4957
1595	4958
508	4959
5509	4960
9379	4961
9414	4962
7614	4963
4203	4964
6517	4965
4102	4966
6088	4967
961	4968
3246	4969
8725	4970
9776	4971
9203	4972
9636	4973
1382	4974
3875	4975
9796	4976
7273	4977
4763	4978
9532	4979
8726	4980
309	4981
8880	4982
6057	4983
866	4984
9149	4985
151	4986
7903	4987
953	4988
6341	4989
8578	4990
6490	4991
878	4992
8368	4993
3253	4994
1010	4995
4298	4996
8843	4997
9653	4998
9314	4999
1993	5000
7657	5001
7770	5002
5611	5003
7	5004
9037	5005
7873	5006
5143	5007
5851	5008
9395	5009
8047	5010
8593	5011
7639	5012
7827	5013
2065	5014
8923	5015
9623	5016
5525	5017
1347	5018
4001	5019
5575	5020
5931	5021
2232	5022
1742	5023
6858	5024
6523	5025
2794	5026
62	5027
773	5028
6750	5029
5089	5030
7212	5031
8542	5032
8854	5033
1938	5034
1621	5035
8156	5036
8030	5037
5212	5038
95	5039
4992	5040
937	5041
8758	5042
4732	5043
9781	5044
3809	5045
3926	5046
7347	5047
100	5048
6139	5049
7084	5050
7032	5051
4309	5052
60	5053
4584	5054
9646	5055
1569	5056
9069	5057
8840	5058
6138	5059
1270	5060
3474	5061
6541	5062
9606	5063
6803	5064
164	5065
8334	5066
5781	5067
5681	5068
8584	5069
901	5070
6718	5071
4061	5072
4650	5073
6746	5074
1128	5075
9616	5076
8494	5077
431	5078
8139	5079
6269	5080
7507	5081
430	5082
1673	5083
2478	5084
1726	5085
2579	5086
20	5087
3280	5088
1206	5089
8629	5090
7317	5091
6841	5092
8094	5093
8160	5094
3400	5095
8554	5096
2351	5097
2043	5098
8702	5099
2954	5100
8601	5101
351	5102
5066	5103
7767	5104
325	5105
5024	5106
1669	5107
1838	5108
1268	5109
69	5110
1563	5111
6499	5112
3639	5113
1172	5114
3479	5115
2519	5116
7724	5117
5657	5118
360	5119
9621	5120
33	5121
9433	5122
5392	5123
2214	5124
6164	5125
4724	5126
3684	5127
5389	5128
2743	5129
1230	5130
4032	5131
39	5132
5149	5133
857	5134
9842	5135
3473	5136
8826	5137
7474	5138
1304	5139
9373	5140
2999	5141
8194	5142
1515	5143
682	5144
5350	5145
3553	5146
8362	5147
749	5148
4241	5149
795	5150
5678	5151
3567	5152
7419	5153
3480	5154
7446	5155
452	5156
5855	5157
5095	5158
2120	5159
1850	5160
3329	5161
4163	5162
761	5163
2334	5164
1547	5165
3971	5166
3692	5167
4057	5168
2211	5169
5607	5170
7700	5171
6768	5172
5023	5173
4874	5174
4194	5175
8496	5176
6497	5177
9014	5178
5132	5179
2556	5180
9762	5181
2156	5182
8713	5183
6624	5184
4009	5185
4170	5186
3654	5187
362	5188
4893	5189
163	5190
8835	5191
5612	5192
8859	5193
1701	5194
3448	5195
6062	5196
4437	5197
2394	5198
8757	5199
9916	5200
9851	5201
4466	5202
6774	5203
5741	5204
6516	5205
8626	5206
9409	5207
4003	5208
7559	5209
3529	5210
426	5211
6759	5212
6268	5213
713	5214
8039	5215
5689	5216
8929	5217
3940	5218
930	5219
4910	5220
4484	5221
5817	5222
2778	5223
180	5224
2770	5225
1261	5226
4415	5227
4741	5228
512	5229
5326	5230
1179	5231
6206	5232
8371	5233
5354	5234
7285	5235
9169	5236
8829	5237
5623	5238
6644	5239
9825	5240
6306	5241
3206	5242
2727	5243
8871	5244
4461	5245
1266	5246
4036	5247
8748	5248
5924	5249
4152	5250
8158	5251
9816	5252
9535	5253
4108	5254
1870	5255
9150	5256
9303	5257
4517	5258
5483	5259
3774	5260
6751	5261
6640	5262
9498	5263
7720	5264
4530	5265
3373	5266
1273	5267
3113	5268
916	5269
3453	5270
2529	5271
1962	5272
3732	5273
8952	5274
7928	5275
9013	5276
267	5277
4625	5278
4500	5279
4129	5280
8992	5281
5026	5282
434	5283
7728	5284
3778	5285
8046	5286
2322	5287
6283	5288
6179	5289
991	5290
3736	5291
9459	5292
9225	5293
6238	5294
2479	5295
3764	5296
9482	5297
3154	5298
3059	5299
2089	5300
7140	5301
255	5302
5443	5303
4965	5304
9358	5305
3748	5306
9425	5307
9543	5308
2079	5309
8756	5310
3039	5311
6545	5312
5909	5313
1110	5314
1237	5315
7031	5316
2054	5317
1015	5318
9392	5319
8335	5320
8443	5321
393	5322
3898	5323
5847	5324
7605	5325
2236	5326
6440	5327
1381	5328
3663	5329
123	5330
1262	5331
5749	5332
5896	5333
2256	5334
9334	5335
927	5336
9100	5337
1698	5338
6972	5339
8919	5340
4421	5341
9411	5342
1596	5343
9620	5344
5177	5345
9143	5346
364	5347
2792	5348
6244	5349
1739	5350
3524	5351
1474	5352
734	5353
1685	5354
40	5355
5743	5356
2055	5357
4577	5358
8164	5359
2475	5360
9269	5361
6558	5362
8910	5363
4528	5364
2068	5365
656	5366
6435	5367
1352	5368
6261	5369
285	5370
8234	5371
8916	5372
8374	5373
9672	5374
6484	5375
2253	5376
4056	5377
5921	5378
4506	5379
9127	5380
4674	5381
5080	5382
7076	5383
3010	5384
6709	5385
4390	5386
5070	5387
6056	5388
6114	5389
1214	5390
5916	5391
5373	5392
9202	5393
8989	5394
7280	5395
6666	5396
4911	5397
9185	5398
6068	5399
9272	5400
4353	5401
2897	5402
1088	5403
547	5404
2944	5405
245	5406
3888	5407
7609	5408
1363	5409
9361	5410
5966	5411
8180	5412
6403	5413
2681	5414
7754	5415
1803	5416
8715	5417
5423	5418
8833	5419
2398	5420
4870	5421
6089	5422
4017	5423
5456	5424
1148	5425
7246	5426
4507	5427
3021	5428
7121	5429
6070	5430
6347	5431
9810	5432
6461	5433
2155	5434
8329	5435
805	5436
2467	5437
6566	5438
5330	5439
9352	5440
537	5441
121	5442
6991	5443
2899	5444
1071	5445
9655	5446
6136	5447
5115	5448
7214	5449
5645	5450
9044	5451
7241	5452
6970	5453
7980	5454
3441	5455
4258	5456
5407	5457
8305	5458
5162	5459
2863	5460
2098	5461
7472	5462
2542	5463
8926	5464
894	5465
4233	5466
7832	5467
621	5468
8269	5469
675	5470
4737	5471
680	5472
4155	5473
5485	5474
4913	5475
5030	5476
9323	5477
978	5478
3323	5479
129	5480
3215	5481
6965	5482
8515	5483
2870	5484
9212	5485
8469	5486
5716	5487
28	5488
6113	5489
2628	5490
7384	5491
5109	5492
5063	5493
7303	5494
7131	5495
6936	5496
4093	5497
5322	5498
6740	5499
2289	5500
8604	5501
5444	5502
6686	5503
8984	5504
5679	5505
6980	5506
7228	5507
6111	5508
6075	5509
443	5510
1709	5511
6495	5512
4538	5513
9731	5514
5292	5515
4049	5516
726	5517
502	5518
9152	5519
4099	5520
264	5521
6873	5522
8283	5523
3791	5524
4092	5525
6003	5526
494	5527
3102	5528
56	5529
5541	5530
1426	5531
2736	5532
5888	5533
7323	5534
7952	5535
7428	5536
4734	5537
2982	5538
2291	5539
2501	5540
5366	5541
7388	5542
1576	5543
119	5544
8410	5545
3481	5546
7008	5547
1294	5548
473	5549
6953	5550
7541	5551
594	5552
9366	5553
4812	5554
8782	5555
4449	5556
93	5557
9903	5558
3183	5559
6466	5560
7723	5561
6821	5562
3659	5563
2827	5564
5772	5565
8473	5566
7004	5567
5036	5568
8924	5569
6665	5570
5081	5571
142	5572
9700	5573
8232	5574
9226	5575
3243	5576
1038	5577
2047	5578
354	5579
1945	5580
107	5581
7636	5582
7791	5583
8706	5584
8801	5585
4867	5586
737	5587
7668	5588
8111	5589
8036	5590
24	5591
7563	5592
3036	5593
4537	5594
6253	5595
686	5596
9198	5597
6655	5598
3571	5599
1611	5600
1533	5601
3713	5602
6285	5603
1357	5604
1399	5605
6660	5606
3391	5607
4085	5608
6428	5609
4025	5610
6960	5611
536	5612
4351	5613
6351	5614
183	5615
2046	5616
4432	5617
9061	5618
2469	5619
9066	5620
1282	5621
8396	5622
4277	5623
3986	5624
2119	5625
2656	5626
2470	5627
7875	5628
9728	5629
2374	5630
2108	5631
5907	5632
565	5633
2263	5634
5017	5635
7010	5636
1976	5637
3752	5638
6099	5639
3137	5640
9744	5641
2238	5642
8692	5643
4191	5644
7108	5645
996	5646
8078	5647
3845	5648
7365	5649
5634	5650
472	5651
4712	5652
8649	5653
2567	5654
5672	5655
8295	5656
6685	5657
66	5658
2480	5659
1296	5660
296	5661
5900	5662
6921	5663
831	5664
4556	5665
9733	5666
2829	5667
3948	5668
1619	5669
3869	5670
9479	5671
1687	5672
6563	5673
5615	5674
2910	5675
7342	5676
5691	5677
1255	5678
9360	5679
814	5680
3032	5681
8481	5682
2660	5683
7341	5684
885	5685
9338	5686
4469	5687
4933	5688
3831	5689
3424	5690
8751	5691
8034	5692
9669	5693
8523	5694
8416	5695
6634	5696
6218	5697
2275	5698
593	5699
541	5700
5299	5701
3402	5702
9174	5703
8592	5704
5012	5705
5211	5706
7120	5707
2295	5708
4784	5709
315	5710
9767	5711
6763	5712
8799	5713
5246	5714
7338	5715
7592	5716
9791	5717
7464	5718
62	5719
4709	5720
493	5721
4416	5722
5529	5723
8446	5724
849	5725
1971	5726
1119	5727
4843	5728
2207	5729
8492	5730
3854	5731
4666	5732
8769	5733
3017	5734
8650	5735
2338	5736
9193	5737
442	5738
5342	5739
9108	5740
5956	5741
1025	5742
9060	5743
5527	5744
5399	5745
3000	5746
4375	5747
7574	5748
6840	5749
7035	5750
789	5751
9639	5752
5520	5753
2019	5754
2441	5755
5169	5756
2688	5757
1333	5758
5604	5759
6979	5760
4110	5761
2362	5762
6231	5763
6160	5764
4391	5765
5521	5766
3893	5767
1959	5768
7906	5769
7881	5770
1095	5771
2833	5772
9509	5773
1906	5774
6220	5775
1824	5776
2832	5777
3804	5778
7147	5779
2990	5780
5590	5781
8146	5782
6083	5783
5827	5784
4403	5785
2327	5786
2264	5787
2104	5788
1086	5789
3130	5790
9697	5791
2535	5792
2959	5793
7336	5794
3695	5795
2389	5796
3015	5797
6322	5798
2008	5799
2345	5800
8226	5801
6531	5802
3673	5803
6459	5804
6067	5805
8785	5806
9877	5807
2578	5808
2161	5809
9350	5810
2406	5811
1923	5812
9404	5813
9434	5814
9455	5815
6796	5816
2521	5817
4455	5818
7935	5819
8789	5820
3664	5821
6706	5822
7050	5823
4808	5824
2780	5825
3648	5826
4597	5827
574	5828
8103	5829
6503	5830
6828	5831
7096	5832
3601	5833
278	5834
6860	5835
5269	5836
3363	5837
8314	5838
98	5839
4810	5840
4675	5841
6620	5842
2450	5843
4360	5844
4046	5845
1073	5846
7038	5847
5982	5848
5841	5849
1602	5850
210	5851
3161	5852
2527	5853
4501	5854
1240	5855
3118	5856
8166	5857
6942	5858
6749	5859
1388	5860
5682	5861
9845	5862
3749	5863
2117	5864
6407	5865
6017	5866
1655	5867
3773	5868
9	5869
5592	5870
7673	5871
4699	5872
8193	5873
4136	5874
3331	5875
7795	5876
1129	5877
3302	5878
6881	5879
1242	5880
4529	5881
1460	5882
4668	5883
4582	5884
8511	5885
6316	5886
1568	5887
1584	5888
7110	5889
6287	5890
1484	5891
31	5892
8470	5893
7765	5894
3099	5895
2746	5896
5127	5897
8838	5898
4499	5899
173	5900
2922	5901
2237	5902
9548	5903
2585	5904
2702	5905
8845	5906
3098	5907
2011	5908
5203	5909
4480	5910
1151	5911
9738	5912
6225	5913
3491	5914
496	5915
4223	5916
8669	5917
4644	5918
17	5919
5658	5920
6338	5921
7629	5922
3996	5923
8458	5924
6040	5925
4296	5926
9144	5927
9921	5928
8651	5929
7967	5930
6827	5931
600	5932
2690	5933
7564	5934
4745	5935
6050	5936
3142	5937
6369	5938
262	5939
9856	5940
51	5941
6721	5942
7124	5943
2217	5944
3873	5945
7066	5946
6798	5947
7353	5948
7363	5949
2142	5950
4791	5951
8411	5952
9106	5953
4611	5954
6277	5955
6816	5956
8790	5957
9231	5958
2602	5959
6861	5960
592	5961
7820	5962
2583	5963
7687	5964
949	5965
8348	5966
2772	5967
4322	5968
2568	5969
3347	5970
8848	5971
8667	5972
4020	5973
1612	5974
1067	5975
6641	5976
27	5977
2122	5978
6444	5979
8722	5980
9391	5981
7519	5982
5329	5983
3223	5984
8369	5985
3425	5986
9161	5987
2149	5988
5821	5989
2881	5990
534	5991
1194	5992
1233	5993
4833	5994
813	5995
2936	5996
5345	5997
3226	5998
7156	5999
1387	6000
9751	6001
5447	6002
4682	6003
7805	6004
3149	6005
6413	6006
9101	6007
2184	6008
6078	6009
5367	6010
475	6011
9892	6012
7525	6013
6315	6014
231	6015
4139	6016
407	6017
7741	6018
6898	6019
8516	6020
7460	6021
3895	6022
9420	6023
2507	6024
6049	6025
2258	6026
6219	6027
7490	6028
9542	6029
6698	6030
3848	6031
3408	6032
323	6033
8074	6034
6830	6035
7377	6036
2477	6037
4647	6038
3594	6039
4912	6040
2586	6041
9879	6042
6426	6043
606	6044
189	6045
7190	6046
4431	6047
2639	6048
7868	6049
2710	6050
4563	6051
2902	6052
5108	6053
1975	6054
2724	6055
3357	6056
341	6057
2678	6058
1396	6059
4574	6060
3458	6061
7199	6062
4058	6063
8812	6064
1254	6065
7440	6066
1664	6067
4899	6068
1461	6069
1697	6070
3581	6071
1353	6072
4494	6073
4299	6074
4334	6075
7272	6076
6498	6077
9844	6078
8190	6079
3362	6080
1349	6081
2551	6082
3820	6083
7449	6084
2668	6085
9086	6086
5190	6087
5553	6088
3963	6089
4940	6090
1868	6091
3197	6092
6564	6093
2620	6094
3868	6095
3352	6096
997	6097
9605	6098
2471	6099
602	6100
7548	6101
2955	6102
128	6103
2431	6104
489	6105
9147	6106
6297	6107
2061	6108
1812	6109
2492	6110
3803	6111
5187	6112
5602	6113
170	6114
7547	6115
1345	6116
5659	6117
6946	6118
4901	6119
6044	6120
8502	6121
5028	6122
1522	6123
5305	6124
9437	6125
810	6126
6766	6127
2845	6128
9022	6129
4626	6130
3314	6131
8606	6132
959	6133
1500	6134
9322	6135
884	6136
3559	6137
2191	6138
6956	6139
544	6140
2034	6141
975	6142
8594	6143
2815	6144
7755	6145
7049	6146
6	6147
631	6148
6330	6149
3949	6150
5530	6151
4697	6152
4525	6153
7509	6154
5761	6155
2741	6156
2796	6157
8404	6158
7122	6159
5210	6160
2911	6161
1144	6162
6278	6163
5094	6164
7576	6165
2436	6166
7942	6167
1689	6168
5432	6169
921	6170
1936	6171
958	6172
7617	6173
4896	6174
764	6175
2670	6176
8723	6177
9754	6178
8993	6179
4250	6180
5794	6181
5230	6182
2744	6183
3912	6184
3203	6185
3252	6186
7275	6187
1377	6188
4124	6189
7418	6190
4591	6191
8792	6192
783	6193
4685	6194
6582	6195
1900	6196
8151	6197
2971	6198
7326	6199
4340	6200
842	6201
4670	6202
6939	6203
6348	6204
7003	6205
7354	6206
822	6207
6399	6208
5578	6209
4756	6210
5559	6211
2250	6212
6712	6213
1935	6214
5935	6215
5728	6216
4178	6217
3403	6218
5400	6219
2228	6220
7529	6221
5501	6222
2248	6223
2525	6224
2825	6225
550	6226
6465	6227
6352	6228
1560	6229
3175	6230
6441	6231
1491	6232
8621	6233
3877	6234
275	6235
1904	6236
6236	6237
370	6238
6377	6239
5978	6240
969	6241
2485	6242
3572	6243
1324	6244
6223	6245
3757	6246
462	6247
2424	6248
4968	6249
5857	6250
6701	6251
9410	6252
47	6253
1927	6254
8169	6255
4040	6256
9113	6257
7416	6258
8717	6259
8408	6260
1024	6261
6907	6262
3430	6263
9678	6264
5225	6265
9864	6266
4354	6267
1559	6268
4371	6269
7841	6270
172	6271
8120	6272
4103	6273
2343	6274
7703	6275
2231	6276
4076	6277
6082	6278
5370	6279
6857	6280
5488	6281
9039	6282
4244	6283
2698	6284
5638	6285
1657	6286
2766	6287
77	6288
9882	6289
2782	6290
8641	6291
4607	6292
6880	6293
2201	6294
7282	6295
1588	6296
4725	6297
4464	6298
7997	6299
6784	6300
9585	6301
6632	6302
8	6303
9	6304
6109	6305
7101	6306
954	6307
9808	6308
7252	6309
9484	6310
3735	6311
4038	6312
5112	6313
1801	6314
852	6315
4959	6316
6853	6317
8580	6318
4486	6319
3906	6320
3167	6321
8336	6322
379	6323
8927	6324
6987	6325
8956	6326
3205	6327
4456	6328
3816	6329
5383	6330
9052	6331
2931	6332
16	6333
1821	6334
3655	6335
9718	6336
1358	6337
6127	6338
9480	6339
3620	6340
6091	6341
9544	6342
3704	6343
8312	6344
9560	6345
8739	6346
9740	6347
1890	6348
864	6349
2979	6350
9378	6351
4746	6352
5649	6353
5402	6354
249	6355
4846	6356
4984	6357
6771	6358
5792	6359
1733	6360
779	6361
8543	6362
4722	6363
1181	6364
3612	6365
5870	6366
988	6367
4410	6368
5535	6369
1354	6370
6836	6371
3962	6372
7742	6373
8195	6374
1527	6375
3801	6376
8040	6377
7711	6378
7479	6379
919	6380
8526	6381
3350	6382
3672	6383
7260	6384
2869	6385
8467	6386
1127	6387
3995	6388
8263	6389
7222	6390
9914	6391
776	6392
1069	6393
5954	6394
5285	6395
1175	6396
6154	6397
5625	6398
6350	6399
8583	6400
5636	6401
570	6402
4066	6403
2415	6404
9345	6405
1958	6406
2162	6407
5865	6408
7633	6409
2392	6410
6647	6411
134	6412
464	6413
7785	6414
7821	6415
3788	6416
3818	6417
3756	6418
4897	6419
2007	6420
1499	6421
528	6422
7254	6423
8383	6424
3018	6425
478	6426
2850	6427
8703	6428
21	6429
8698	6430
5283	6431
9201	6432
7086	6433
237	6434
4355	6435
491	6436
8618	6437
4773	6438
8807	6439
5093	6440
2460	6441
2419	6442
1439	6443
8206	6444
5688	6445
5620	6446
460	6447
2048	6448
3843	6449
3842	6450
3493	6451
9026	6452
312	6453
798	6454
8874	6455
30	6456
8884	6457
6833	6458
5136	6459
8342	6460
3460	6461
3861	6462
3306	6463
5721	6464
2457	6465
3432	6466
7213	6467
2106	6468
2128	6469
2300	6470
7043	6471
5972	6472
3522	6473
8271	6474
417	6475
1540	6476
2044	6477
1327	6478
2631	6479
101	6480
78	6481
65	6482
6680	6483
1662	6484
2344	6485
4313	6486
2435	6487
7771	6488
3349	6489
8921	6490
9473	6491
3288	6492
7117	6493
2282	6494
1675	6495
9759	6496
1708	6497
2101	6498
3564	6499
3790	6500
7978	6501
7494	6502
7824	6503
4747	6504
6522	6505
1741	6506
7198	6507
5348	6508
743	6509
6652	6510
518	6511
375	6512
2640	6513
1100	6514
1998	6515
238	6516
4692	6517
2930	6518
4310	6519
1550	6520
4546	6521
5005	6522
6345	6523
1737	6524
8019	6525
4070	6526
3279	6527
9020	6528
7290	6529
693	6530
7626	6531
5145	6532
50	6533
4702	6534
5853	6535
8647	6536
6194	6537
7542	6538
3606	6539
7372	6540
7807	6541
4454	6542
6324	6543
5695	6544
3264	6545
3269	6546
228	6547
9	6548
4088	6549
1752	6550
8000	6551
2546	6552
8839	6553
5417	6554
7318	6555
7516	6556
9524	6557
5416	6558
5937	6559
4631	6560
5849	6561
3627	6562
6190	6563
9324	6564
3557	6565
5518	6566
1263	6567
9092	6568
4268	6569
55	6570
630	6571
313	6572
1397	6573
1564	6574
9443	6575
9056	6576
2465	6577
9658	6578
1930	6579
7248	6580
1031	6581
5738	6582
7753	6583
4779	6584
1654	6585
967	6586
2600	6587
4411	6588
5039	6589
2991	6590
3712	6591
2410	6592
4777	6593
7360	6594
46	6595
7886	6596
3556	6597
3164	6598
7492	6599
4023	6600
4462	6601
5466	6602
8691	6603
7550	6604
3256	6605
2599	6606
3982	6607
1840	6608
4640	6609
3975	6610
3085	6611
4811	6612
3254	6613
1201	6614
1855	6615
7118	6616
3740	6617
2887	6618
5998	6619
9836	6620
7296	6621
3371	6622
9167	6623
8767	6624
1920	6625
3876	6626
3626	6627
9798	6628
8400	6629
3710	6630
4459	6631
597	6632
9794	6633
9590	6634
5410	6635
3633	6636
571	6637
1415	6638
26	6639
895	6640
3186	6641
4651	6642
4255	6643
5138	6644
6147	6645
2230	6646
3647	6647
8644	6648
1625	6649
4281	6650
2121	6651
3856	6652
9707	6653
5542	6654
4339	6655
8990	6656
6879	6657
5732	6658
3527	6659
6677	6660
4880	6661
8847	6662
4508	6663
9153	6664
1343	6665
9521	6666
5069	6667
886	6668
3107	6669
5291	6670
1019	6671
6742	6672
5068	6673
2100	6674
2082	6675
1376	6676
7029	6677
233	6678
4474	6679
841	6680
2765	6681
6233	6682
9583	6683
9807	6684
355	6685
3706	6686
7573	6687
7187	6688
1062	6689
6590	6690
7537	6691
8495	6692
7743	6693
9841	6694
1524	6695
3769	6696
7405	6697
2674	6698
3938	6699
8165	6700
8130	6701
455	6702
314	6703
1746	6704
2320	6705
5331	6706
4112	6707
9722	6708
4246	6709
9512	6710
4526	6711
9906	6712
6615	6713
1208	6714
7842	6715
303	6716
3471	6717
2564	6718
9319	6719
3131	6720
1096	6721
3	6722
3416	6723
7102	6724
7679	6725
86	6726
1749	6727
1257	6728
6504	6729
1293	6730
423	6731
1907	6732
7511	6733
2882	6734
65	6735
7647	6736
3054	6737
7665	6738
8025	6739
3952	6740
3918	6741
6978	6742
3404	6743
7608	6744
1467	6745
2093	6746
3563	6747
1826	6748
4549	6749
1798	6750
9281	6751
862	6752
8147	6753
3690	6754
3341	6755
3597	6756
2464	6757
9637	6758
7427	6759
2713	6760
6483	6761
7504	6762
3860	6763
7020	6764
6275	6765
5233	6766
4248	6767
294	6768
3119	6769
8260	6770
4303	6771
2429	6772
6704	6773
1897	6774
1246	6775
1796	6776
6691	6777
2297	6778
1099	6779
5397	6780
2890	6781
9375	6782
4552	6783
4161	6784
4509	6785
120	6786
6550	6787
8699	6788
6264	6789
6372	6790
6920	6791
9466	6792
5059	6793
7998	6794
8249	6795
6148	6796
1044	6797
9134	6798
7220	6799
2393	6800
3739	6801
3562	6802
146	6803
8732	6804
2088	6805
272	6806
2188	6807
3688	6808
8486	6809
7560	6810
1050	6811
7161	6812
5589	6813
3022	6814
5565	6815
253	6816
4434	6817
1582	6818
9716	6819
4828	6820
5668	6821
1009	6822
9078	6823
5311	6824
7400	6825
6434	6826
171	6827
6098	6828
5395	6829
468	6830
1505	6831
7283	6832
1417	6833
1773	6834
5664	6835
8753	6836
4238	6837
7077	6838
3244	6839
8126	6840
3086	6841
6584	6842
3140	6843
3181	6844
2937	6845
2487	6846
1844	6847
2679	6848
9393	6849
6363	6850
561	6851
1885	6852
5398	6853
2199	6854
2130	6855
7095	6856
2298	6857
7744	6858
2357	6859
2788	6860
7467	6861
7030	6862
3957	6863
8857	6864
2239	6865
7013	6866
9145	6867
4521	6868
5255	6869
3507	6870
9030	6871
7426	6872
861	6873
3584	6874
5298	6875
9102	6876
3603	6877
8951	6878
2	6879
7135	6880
7069	6881
898	6882
1607	6883
5512	6884
858	6885
1768	6886
6579	6887
7459	6888
5701	6889
760	6890
6551	6891
8513	6892
9659	6893
6882	6894
8832	6895
581	6896
8235	6897
5271	6898
6659	6899
908	6900
7177	6901
8795	6902
1320	6903
8975	6904
7838	6905
4408	6906
1502	6907
8313	6908
1683	6909
9832	6910
3955	6911
7491	6912
2824	6913
7806	6914
9640	6915
5235	6916
6214	6917
9867	6918
6175	6919
6492	6920
8356	6921
4519	6922
5316	6923
3833	6924
9308	6925
8204	6926
9680	6927
4419	6928
6349	6929
8445	6930
5183	6931
2795	6932
1427	6933
1222	6934
9093	6935
3259	6936
6412	6937
892	6938
4306	6939
2483	6940
72	6941
6819	6942
7288	6943
3667	6944
9497	6945
1046	6946
1005	6947
1898	6948
5133	6949
307	6950
1243	6951
943	6952
6505	6953
7487	6954
5605	6955
2569	6956
2027	6957
9468	6958
2644	6959
3129	6960
91	6961
6533	6962
648	6963
4648	6964
6847	6965
1760	6966
5472	6967
5952	6968
9313	6969
1952	6970
6221	6971
4329	6972
7857	6973
4209	6974
6911	6975
3311	6976
628	6977
4604	6978
1510	6979
5755	6980
5201	6981
3879	6982
9920	6983
6072	6984
5844	6985
6455	6986
1555	6987
5378	6988
5006	6989
5964	6990
4882	6991
6892	6992
4510	6993
5798	6994
27	6995
6373	6996
562	6997
7429	6998
4167	6999
6487	7000
7582	7001
8355	7002
3631	7003
8860	7004
6294	7005
8012	7006
9353	7007
7740	7008
1541	7009
3534	7010
4018	7011
4180	7012
1278	7013
9213	7014
8615	7015
5771	7016
9416	7017
461	7018
2563	7019
3922	7020
2422	7021
9755	7022
7352	7023
2623	7024
7649	7025
4123	7026
2045	7027
2733	7028
5244	7029
1199	7030
7279	7031
6155	7032
1451	7033
4797	7034
1961	7035
8676	7036
2348	7037
2418	7038
3345	7039
3343	7040
2255	7041
2141	7042
2761	7043
7346	7044
1694	7045
102	7046
59	7047
4844	7048
8098	7049
7238	7050
3052	7051
4328	7052
6416	7053
3461	7054
1203	7055
6362	7056
8855	7057
3333	7058
8292	7059
6506	7060
4802	7061
1795	7062
1280	7063
2200	7064
15	7065
6938	7066
4030	7067
3234	7068
4515	7069
9385	7070
9197	7071
361	7072
4189	7073
634	7074
4245	7075
5892	7076
9464	7077
4260	7078
2789	7079
4616	7080
5445	7081
7782	7082
2365	7083
7889	7084
5773	7085
4204	7086
3110	7087
5075	7088
7964	7089
5946	7090
1787	7091
7089	7092
9107	7093
4707	7094
6101	7095
3830	7096
6594	7097
6296	7098
8085	7099
1223	7100
7602	7101
2522	7102
1177	7103
2308	7104
4317	7105
5206	7106
8876	7107
3277	7108
4805	7109
8665	7110
2594	7111
4739	7112
5192	7113
759	7114
9753	7115
6696	7116
7286	7117
5944	7118
551	7119
973	7120
5174	7121
3847	7122
6906	7123
7112	7124
5418	7125
7444	7126
7218	7127
8913	7128
4554	7129
1730	7130
4235	7131
3249	7132
2317	7133
3910	7134
1318	7135
684	7136
8773	7137
8711	7138
1152	7139
1107	7140
7718	7141
7759	7142
9887	7143
2745	7144
659	7145
9896	7146
490	7147
4907	7148
7630	7149
144	7150
6288	7151
9311	7152
752	7153
947	7154
7115	7155
8051	7156
938	7157
8218	7158
7973	7159
6976	7160
7936	7161
7404	7162
1834	7163
2455	7164
1125	7165
6928	7166
3575	7167
3038	7168
8680	7169
3793	7170
8963	7171
5217	7172
357	7173
6356	7174
3689	7175
7986	7176
8742	7177
6207	7178
5327	7179
4335	7180
7764	7181
6567	7182
9570	7183
9273	7184
7133	7185
49	7186
8858	7187
8828	7188
765	7189
6722	7190
7036	7191
1647	7192
9477	7193
298	7194
415	7195
928	7196
9276	7197
529	7198
3828	7199
391	7200
7	7201
2482	7202
2693	7203
2554	7204
9105	7205
8189	7206
4708	7207
6079	7208
4052	7209
6703	7210
6202	7211
7939	7212
6618	7213
2588	7214
829	7215
2204	7216
755	7217
2548	7218
4944	7219
6145	7220
1658	7221
2094	7222
3084	7223
7206	7224
3207	7225
7856	7226
9019	7227
1815	7228
8049	7229
4226	7230
7454	7231
817	7232
8208	7233
9563	7234
8904	7235
6354	7236
636	7237
9215	7238
2673	7239
5065	7240
6760	7241
3008	7242
3046	7243
6574	7244
3855	7245
5332	7246
3103	7247
1820	7248
7814	7249
1995	7250
6071	7251
5869	7252
8070	7253
6162	7254
8340	7255
5341	7256
4140	7257
1779	7258
38	7259
4282	7260
4978	7261
1592	7262
1103	7263
458	7264
5293	7265
4818	7266
5290	7267
2206	7268
4902	7269
3506	7270
3268	7271
6456	7272
1512	7273
1331	7274
8366	7275
6265	7276
905	7277
9091	7278
2004	7279
5134	7280
9210	7281
7488	7282
5603	7283
2625	7284
8159	7285
7292	7286
5748	7287
469	7288
7312	7289
5537	7290
4641	7291
7233	7292
4835	7293
3454	7294
8856	7295
673	7296
3850	7297
8086	7298
4869	7299
2541	7300
8092	7301
8681	7302
4308	7303
9633	7304
7982	7305
5561	7306
9004	7307
3123	7308
5911	7309
6679	7310
50	7311
2901	7312
5015	7313
6031	7314
6260	7315
6358	7316
1784	7317
4386	7318
8674	7319
4840	7320
2837	7321
456	7322
6130	7323
4854	7324
8557	7325
5622	7326
1109	7327
8154	7328
8266	7329
2532	7330
6866	7331
6027	7332
3784	7333
8428	7334
8567	7335
31	7336
6209	7337
5500	7338
1736	7339
1121	7340
9775	7341
8574	7342
6186	7343
3272	7344
7025	7345
2301	7346
4367	7347
6538	7348
7451	7349
5086	7350
7726	7351
4953	7352
8482	7353
2676	7354
321	7355
3040	7356
8050	7357
3568	7358
8429	7359
7182	7360
6586	7361
2033	7362
9017	7363
8766	7364
3262	7365
7085	7366
780	7367
2793	7368
1823	7369
9702	7370
7876	7371
9406	7372
559	7373
758	7374
4120	7375
9383	7376
200	7377
1577	7378
8598	7379
5606	7380
6785	7381
6859	7382
9200	7383
3058	7384
974	7385
6862	7386
6639	7387
9602	7388
3337	7389
4620	7390
4054	7391
6371	7392
6188	7393
8579	7394
1014	7395
2491	7396
5882	7397
256	7398
2838	7399
400	7400
823	7401
8569	7402
3342	7403
825	7404
4716	7405
281	7406
3192	7407
9834	7408
8089	7409
8423	7410
7826	7411
9847	7412
1842	7413
8354	7414
7274	7415
802	7416
641	7417
2615	7418
5539	7419
6043	7420
6343	7421
9607	7422
6174	7423
8214	7424
7848	7425
3887	7426
4315	7427
7815	7428
9181	7429
6888	7430
6635	7431
9222	7432
4166	7433
6568	7434
4290	7435
5003	7436
5507	7437
5619	7438
6849	7439
1192	7440
5076	7441
2412	7442
6304	7443
5004	7444
3638	7445
4837	7446
698	7447
9853	7448
2266	7449
7569	7450
8022	7451
569	7452
332	7453
8883	7454
5920	7455
2775	7456
6748	7457
282	7458
8026	7459
4253	7460
2378	7461
5368	7462
1216	7463
2808	7464
8063	7465
782	7466
7859	7467
7879	7468
5351	7469
3716	7470
3368	7471
6429	7472
2244	7473
856	7474
6313	7475
7209	7476
9370	7477
4621	7478
1404	7479
124	7480
1589	7481
4261	7482
8939	7483
81	7484
5388	7485
5576	7486
5955	7487
4676	7488
8591	7489
1740	7490
1375	7491
1054	7492
8032	7493
644	7494
9397	7495
8891	7496
1883	7497
1573	7498
7219	7499
5569	7500
7438	7501
7234	7502
9029	7503
3374	7504
1652	7505
6192	7506
8991	7507
3776	7508
4916	7509
5045	7510
7247	7511
5814	7512
5877	7513
8002	7514
8434	7515
4188	7516
1735	7517
4963	7518
8346	7519
1702	7520
6401	7521
4232	7522
5784	7523
1082	7524
9399	7525
8278	7526
9151	7527
3401	7528
1204	7529
6975	7530
3092	7531
1335	7532
9562	7533
3160	7534
4824	7535
3482	7536
2147	7537
6623	7538
8571	7539
5188	7540
2949	7541
395	7542
1158	7543
3892	7544
2921	7545
1609	7546
3923	7547
320	7548
2634	7549
2997	7550
6262	7551
2587	7552
3217	7553
3721	7554
3618	7555
7530	7556
3377	7557
160	7558
6007	7559
1718	7560
7861	7561
3026	7562
1744	7563
1	7564
4935	7565
7361	7566
3198	7567
1406	7568
4302	7569
3682	7570
2706	7571
2012	7572
983	7573
6555	7574
1800	7575
7898	7576
2495	7577
1618	7578
808	7579
2067	7580
5854	7581
6799	7582
492	7583
564	7584
9388	7585
9706	7586
7208	7587
8054	7588
9050	7589
639	7590
7822	7591
8265	7592
1514	7593
2125	7594
8693	7595
7818	7596
7643	7597
5980	7598
952	7599
222	7600
9057	7601
854	7602
7195	7603
240	7604
4227	7605
4185	7606
3624	7607
2545	7608
3599	7609
3623	7610
7900	7611
6682	7612
4182	7613
7556	7614
6606	7615
2311	7616
6735	7617
5323	7618
2926	7619
9496	7620
906	7621
3396	7622
3823	7623
6520	7624
1212	7625
5463	7626
5724	7627
6826	7628
2749	7629
681	7630
8925	7631
524	7632
7921	7633
7526	7634
8928	7635
2112	7636
3621	7637
7129	7638
2021	7639
6368	7640
7498	7641
2190	7642
9165	7643
7620	7644
5261	7645
655	7646
8779	7647
7752	7648
5236	7649
4922	7650
9786	7651
6559	7652
1156	7653
5640	7654
7343	7655
206	7656
8300	7657
7968	7658
1248	7659
7892	7660
3934	7661
8055	7662
4728	7663
8258	7664
372	7665
731	7666
5084	7667
7680	7668
5550	7669
6034	7670
44	7671
5938	7672
4553	7673
5301	7674
3274	7675
8902	7676
5175	7677
5011	7678
6944	7679
6478	7680
9082	7681
9478	7682
2375	7683
9285	7684
6052	7685
1189	7686
2996	7687
9417	7688
2387	7689
2287	7690
6805	7691
5987	7692
8137	7693
549	7694
4615	7695
5735	7696
2637	7697
8203	7698
3111	7699
8627	7700
3890	7701
1777	7702
127	7703
3216	7704
8530	7705
1028	7706
522	7707
9517	7708
1163	7709
6470	7710
9163	7711
9255	7712
4314	7713
9745	7714
4039	7715
2040	7716
3781	7717
8042	7718
2927	7719
7669	7720
8786	7721
9439	7722
6595	7723
674	7724
5478	7725
5128	7726
8941	7727
4412	7728
7236	7729
4207	7730
7674	7731
9450	7732
9128	7733
5361	7734
2163	7735
6398	7736
1489	7737
8402	7738
5543	7739
8221	7740
5105	7741
623	7742
9462	7743
4175	7744
6949	7745
1716	7746
3370	7747
8589	7748
8970	7749
7969	7750
4589	7751
3091	7752
5486	7753
3669	7754
7048	7755
2981	7756
8438	7757
8375	7758
483	7759
5532	7760
8609	7761
3744	7762
242	7763
9793	7764
58	7765
3071	7766
3998	7767
8759	7768
8505	7769
9788	7770
1549	7771
9813	7772
9326	7773
710	7774
4392	7775
4215	7776
8088	7777
4266	7778
5680	7779
2900	7780
2171	7781
3429	7782
433	7783
6646	7784
57	7785
1428	7786
9398	7787
5601	7788
116	7789
934	7790
2512	7791
8219	7792
3421	7793
9873	7794
7098	7795
9354	7796
1022	7797
5214	7798
7619	7799
6107	7800
4192	7801
7828	7802
9885	7803
9254	7804
9870	7805
8138	7806
6565	7807
2489	7808
845	7809
8771	7810
4037	7811
5962	7812
6952	7813
9316	7814
2140	7815
5184	7816
3988	7817
5116	7818
1443	7819
5151	7820
1195	7821
2767	7822
595	7823
9458	7824
5830	7825
6875	7826
324	7827
613	7828
8069	7829
2373	7830
248	7831
5152	7832
8504	7833
3004	7834
1118	7835
4748	7836
1692	7837
7163	7838
3212	7839
6535	7840
4960	7841
5727	7842
9268	7843
3456	7844
9911	7845
3837	7846
9821	7847
7160	7848
708	7849
9217	7850
8721	7851
8736	7852
6353	7853
9549	7854
2123	7855
8878	7856
9307	7857
9071	7858
603	7859
8453	7860
3067	7861
718	7862
8987	7863
4948	7864
8344	7865
9233	7866
3117	7867
6020	7868
301	7869
5536	7870
3299	7871
1154	7872
1650	7873
1597	7874
367	7875
413	7876
9463	7877
5280	7878
5739	7879
511	7880
6165	7881
5990	7882
5276	7883
9874	7884
8268	7885
7801	7886
2259	7887
8707	7888
8976	7889
957	7890
1992	7891
1182	7892
4600	7893
4806	7894
6743	7895
8405	7896
8658	7897
4230	7898
94	7899
2617	7900
6534	7901
9757	7902
3289	7903
1942	7904
3237	7905
1939	7906
1833	7907
2531	7908
6575	7909
2408	7910
7014	7911
7210	7912
1032	7913
6326	7914
3221	7915
9518	7916
3236	7917
7951	7918
9823	7919
9064	7920
6983	7921
4425	7922
9035	7923
9595	7924
7125	7925
4134	7926
5782	7927
9301	7928
4271	7929
3806	7930
2977	7931
6526	7932
8652	7933
7457	7934
7417	7935
619	7936
3266	7937
9015	7938
9865	7939
7965	7940
385	7941
6488	7942
1267	7943
7232	7944
8276	7945
6573	7946
4224	7947
5346	7948
3300	7949
2932	7950
1911	7951
444	7952
1438	7953
5072	7954
6295	7955
225	7956
4012	7957
7911	7958
3443	7959
6327	7960
873	7961
1430	7962
6654	7963
7508	7964
8376	7965
7588	7966
3799	7967
6411	7968
6629	7969
2939	7970
3218	7971
3494	7972
4149	7973
3281	7974
7590	7975
9698	7976
4765	7977
8788	7978
2225	7979
9196	7980
8746	7981
1171	7982
1507	7983
7684	7984
1052	7985
8442	7986
6730	7987
348	7988
4842	7989
85	7990
6782	7991
1464	7992
1452	7993
5249	7994
6995	7995
6990	7996
6060	7997
1878	7998
8119	7999
7722	8000
14	8001
4005	8002
6302	8003
2669	8004
6464	8005
23	8006
8183	8007
9025	8008
466	8009
7536	8010
7420	8011
1220	8012
7916	8013
2852	8014
555	8015
486	8016
5451	8017
5816	8018
6894	8019
9656	8020
2806	8021
2110	8022
7106	8023
7136	8024
9500	8025
3703	8026
3900	8027
7143	8028
2738	8029
1847	8030
611	8031
1867	8032
691	8033
9723	8034
1463	8035
358	8036
3610	8037
6934	8038
7325	8039
6080	8040
8820	8041
7981	8042
7607	8043
8009	8044
7565	8045
497	8046
5365	8047
9849	8048
744	8049
4622	8050
7990	8051
12	8052
5762	8053
1106	8054
5088	8055
1425	8056
2346	8057
7790	8058
4986	8059
8253	8060
5787	8061
4906	8062
4662	8063
5303	8064
3768	8065
2270	8066
3541	8067
148	8068
781	8069
5546	8070
7250	8071
6367	8072
8823	8073
651	8074
6305	8075
7169	8076
7060	8077
9329	8078
5884	8079
5872	8080
4609	8081
9768	8082
9229	8083
8964	8084
7950	8085
2325	8086
4918	8087
437	8088
6226	8089
9917	8090
5101	8091
971	8092
4983	8093
716	8094
7690	8095
6135	8096
59	8097
6230	8098
3382	8099
326	8100
3278	8101
9539	8102
9628	8103
3605	8104
5481	8105
872	8106
2009	8107
1892	8108
7984	8109
4214	8110
8821	8111
9271	8112
3889	8113
111	8114
177	8115
1157	8116
284	8117
5307	8118
9300	8119
3679	8120
3185	8121
2137	8122
9508	8123
5429	8124
1244	8125
24	8126
7223	8127
8068	8128
2463	8129
4942	8130
8538	8131
8780	8132
939	8133
575	8134
3193	8135
6019	8136
7773	8137
4276	8138
3767	8139
9886	8140
8979	8141
4190	8142
4373	8143
9183	8144
2747	8145
6360	8146
9006	8147
7667	8148
2510	8149
2536	8150
5053	8151
5676	8152
6054	8153
4236	8154
4873	8155
6298	8156
5461	8157
8540	8158
1064	8159
6874	8160
5639	8161
8161	8162
7307	8163
3709	8164
6773	8165
3808	8166
1453	8167
6700	8168
5414	8169
2038	8170
4406	8171
1368	8172
2386	8173
2272	8174
5693	8175
5764	8176
5894	8177
3214	8178
1061	8179
7062	8180
5551	8181
5642	8182
8551	8183
6511	8184
5826	8185
3170	8186
198	8187
8436	8188
8325	8189
8272	8190
5887	8191
3336	8192
821	8193
9139	8194
3077	8195
1139	8196
7059	8197
8931	8198
2938	8199
6311	8200
5502	8201
9735	8202
3511	8203
5780	8204
1	8205
1865	8206
9714	8207
8318	8208
445	8209
9520	8210
9897	8211
5628	8212
41	8213
2539	8214
5092	8215
6678	8216
2627	8217
2819	8218
1797	8219
7788	8220
3061	8221
1981	8222
295	8223
3283	8224
2895	8225
5974	8226
5609	8227
4981	8228
8590	8229
9090	8230
87	8231
8553	8232
5314	8233
7698	8234
2682	8235
8603	8236
6744	8237
7520	8238
9344	8239
6929	8240
945	8241
2957	8242
7746	8243
3596	8244
34	8245
6776	8246
3989	8247
6843	8248
250	8249
8892	8250
3691	8251
3554	8252
5347	8253
5091	8254
4107	8255
7789	8256
1084	8257
2848	8258
2671	8259
707	8260
9510	8261
2413	8262
9471	8263
6919	8264
7437	8265
4776	8266
7534	8267
2220	8268
9486	8269
7401	8270
8056	8271
310	8272
8908	8273
58	8274
3114	8275
1672	8276
7107	8277
8943	8278
1030	8279
5582	8280
6897	8281
8911	8282
4704	8283
6835	8284
2017	8285
8585	8286
717	8287
4273	8288
2284	8289
1835	8290
9772	8291
5165	8292
5828	8293
4407	8294
7138	8295
9565	8296
9261	8297
4533	8298
6077	8299
2995	8300
1720	8301
7094	8302
8401	8303
7297	8304
12	8305
414	8306
132	8307
4518	8308
7854	8309
2973	8310
7853	8311
509	8312
4558	8313
4259	8314
7914	8315
4520	8316
5468	8317
20	8318
3261	8319
2324	8320
5806	8321
5652	8322
2596	8323
6842	8324
3005	8325
214	8326
3053	8327
6834	8328
6279	8329
7882	8330
8750	8331
1985	8332
3375	8333
7666	8334
4758	8335
8129	8336
896	8337
3777	8338
6831	8339
5804	8340
9566	8341
890	8342
3871	8343
4323	8344
8096	8345
4472	8346
71	8347
9802	8348
47	8349
1725	8350
4998	8351
6741	8352
609	8353
9180	8354
9085	8355
948	8356
2810	8357
4377	8358
7931	8359
141	8360
8760	8361
9336	8362
9657	8363
1251	8364
3954	8365
3172	8366
9695	8367
9135	8368
6878	8369
6996	8370
6673	8371
1392	8372
8377	8373
7851	8374
3168	8375
8	8376
6431	8377
1666	8378
733	8379
4420	8380
137	8381
8885	8382
2886	8383
345	8384
9283	8385
3365	8386
6168	8387
1302	8388
8660	8389
622	8390
4523	8391
6507	8392
4010	8393
1116	8394
4999	8395
136	8396
3478	8397
5489	8398
7578	8399
9577	8400
2858	8401
9005	8402
599	8403
5306	8404
4511	8405
5482	8406
2614	8407
9719	8408
9729	8409
6193	8410
3318	8411
9114	8412
1763	8413
2575	8414
788	8415
162	8416
4169	8417
8163	8418
5085	8419
9369	8420
4735	8421
3245	8422
3182	8423
7462	8424
7777	8425
6337	8426
2209	8427
2056	8428
3666	8429
1610	8430
6871	8431
2416	8432
7655	8433
6930	8434
5243	8435
3723	8436
8403	8437
6124	8438
5670	8439
3418	8440
552	8441
1276	8442
7866	8443
839	8444
5369	8445
8023	8446
8370	8447
4448	8448
1724	8449
8701	8450
9389	8451
7812	8452
369	8453
6971	8454
125	8455
4179	8456
6753	8457
3851	8458
6267	8459
2914	8460
8637	8461
4945	8462
3758	8463
2721	8464
9619	8465
739	8466
913	8467
2280	8468
7327	8469
6183	8470
4379	8471
6273	8472
1344	8473
1448	8474
7391	8475
9259	8476
4721	8477
7350	8478
1950	8479
8738	8480
8345	8481
5204	8482
6122	8483
9351	8484
9280	8485
9715	8486
3670	8487
8512	8488
5511	8489
1640	8490
2116	8491
37	8492
8456	8493
4715	8494
7001	8495
815	8496
8824	8497
9502	8498
4762	8499
9901	8500
4649	8501
1170	8502
1400	8503
7351	8504
6286	8505
6055	8506
3056	8507
3152	8508
6046	8509
3127	8510
702	8511
4581	8512
435	8513
3928	8514
4993	8515
8844	8516
4729	8517
5153	8518
1561	8519
5965	8520
7007	8521
1253	8522
5588	8523
1322	8524
3917	8525
7685	8526
8196	8527
356	8528
9797	8529
118	8530
9790	8531
7920	8532
4336	8533
9505	8534
1027	8535
7912	8536
2696	8537
7558	8538
6116	8539
3315	8540
4087	8541
8459	8542
6926	8543
3826	8544
8714	8545
1449	8546
3294	8547
2783	8548
1531	8549
9227	8550
4312	8551
7146	8552
9515	8553
5	8554
7596	8555
6312	8556
8666	8557
3147	8558
8638	8559
535	8560
6537	8561
5802	8562
6540	8563
1772	8564
8500	8565
271	8566
2090	8567
2756	8568
9081	8569
966	8570
1754	8571
3431	8572
9156	8573
6010	8574
7865	8575
6716	8576
7493	8577
2307	8578
7885	8579
8622	8580
4767	8581
2160	8582
2403	8583
598	8584
2494	8585
2707	8586
13	8587
2212	8588
6955	8589
4680	8590
8875	8591
9701	8592
2267	8593
9573	8594
8315	8595
5862	8596
6014	8597
8635	8598
80	8599
5375	8600
2092	8601
2091	8602
6406	8603
1645	8604
4104	8605
4561	8606
9237	8607
1101	8608
1776	8609
8982	8610
1466	8611
2350	8612
1196	8613
5	8614
3372	8615
3570	8616
8483	8617
9705	8618
1837	8619
6427	8620
5632	8621
2076	8622
5185	8623
4557	8624
8988	8625
9693	8626
9403	8627
5595	8628
7624	8629
35	8630
7321	8631
836	8632
573	8633
1231	8634
19	8635
9454	8636
5013	8637
2329	8638
1782	8639
1300	8640
7991	8641
3233	8642
7846	8643
4073	8644
1630	8645
1598	8646
3724	8647
5131	8648
3591	8649
4888	8650
9603	8651
7113	8652
8233	8653
9869	8654
5995	8655
8134	8656
1548	8657
5936	8658
3891	8659
6096	8660
8421	8661
8980	8662
1913	8663
3602	8664
3582	8665
8541	8666
527	8667
9908	8668
9726	8669
4786	8670
5845	8671
3109	8672
4579	8673
2411	8674
9260	8675
5049	8676
1407	8677
5673	8678
5753	8679
542	8680
1551	8681
4463	8682
5834	8683
422	8684
7925	8685
722	8686
2791	8687
3303	8688
6845	8689
7926	8690
2381	8691
4064	8692
7907	8693
750	8694
9683	8695
4027	8696
8155	8697
1526	8698
1603	8699
8452	8700
4997	8701
1806	8702
8576	8703
8836	8704
4101	8705
8787	8706
5446	8707
8546	8708
5810	8709
4	8710
7612	8711
209	8712
8175	8713
6421	8714
4138	8715
6333	8716
5415	8717
7082	8718
467	8719
6482	8720
4800	8721
7555	8722
3003	8723
4401	8724
7763	8725
9126	8726
5730	8727
9415	8728
1277	8729
7097	8730
2609	8731
7712	8732
6797	8733
6530	8734
1624	8735
3951	8736
7392	8737
672	8738
7849	8739
1131	8740
1134	8741
8127	8742
8144	8743
8029	8744
3701	8745
5097	8746
1783	8747
1034	8748
7023	8749
2427	8750
8965	8751
4422	8752
6438	8753
1017	8754
6726	8755
6076	8756
7469	8757
8918	8758
7067	8759
1209	8760
1762	8761
1955	8762
5099	8763
2956	8764
3911	8765
6577	8766
4157	8767
5001	8768
7302	8769
7831	8770
4658	8771
3533	8772
3885	8773
3747	8774
530	8775
1236	8776
5218	8777
1055	8778
9838	8779
389	8780
6543	8781
8865	8782
3660	8783
5007	8784
3913	8785
8959	8786
2734	8787
6196	8788
2127	8789
383	8790
1021	8791
4816	8792
1001	8793
977	8794
8886	8795
5257	8796
6093	8797
3287	8798
6475	8799
8582	8800
4433	8801
1982	8802
3035	8803
7613	8804
3609	8805
6059	8806
5044	8807
9444	8808
7257	8809
9467	8810
1150	8811
1989	8812
2889	8813
5988	8814
7240	8815
4007	8816
6477	8817
8191	8818
6950	8819
2181	8820
3179	8821
8830	8822
8497	8823
8361	8824
1409	8825
3634	8826
2700	8827
336	8828
1391	8829
9533	8830
7256	8831
1864	8832
4711	8833
9048	8834
5419	8835
6036	8836
2859	8837
6437	8838
9109	8839
8287	8840
7983	8841
1421	8842
5791	8843
7322	8844
2432	8845
8877	8846
8890	8847
4672	8848
4562	8849
7310	8850
67	8851
2458	8852
9830	8853
9739	8854
5223	8855
3909	8856
5694	8857
8067	8858
8015	8859
439	8860
3090	8861
5272	8862
1063	8863
8940	8864
6599	8865
2755	8866
8303	8867
8475	8868
9727	8869
3124	8870
8113	8871
9315	8872
3535	8873
1699	8874
4300	8875
2974	8876
2632	8877
4971	8878
1862	8879
4794	8880
9447	8881
998	8882
4013	8883
3947	8884
8958	8885
6215	8886
2684	8887
4575	8888
6982	8889
3874	8890
8037	8891
5540	8892
9380	8893
3231	8894
4778	8895
2172	8896
8076	8897
270	8898
3751	8899
9257	8900
7295	8901
696	8902
5421	8903
5959	8904
1176	8905
7747	8906
7087	8907
7705	8908
4294	8909
1537	8910
6053	8911
9452	8912
9713	8913
8599	8914
3356	8915
6867	8916
425	8917
2998	8918
4642	8919
9840	8920
4270	8921
8090	8922
6762	8923
328	8924
7090	8925
7589	8926
4720	8927
7332	8928
8995	8929
4750	8930
5281	8931
368	8932
4429	8933
4943	8934
2718	8935
8514	8936
13	8937
9858	8938
438	8939
344	8940
970	8941
2919	8942
506	8943
2356	8944
9645	8945
1207	8946
1830	8947
624	8948
4400	8949
2447	8950
9248	8951
7551	8952
2925	8953
3195	8954
229	8955
7810	8956
5800	8957
5055	8958
2496	8959
3839	8960
851	8961
6204	8962
6457	8963
3201	8964
8996	8965
258	8966
2812	8967
5926	8968
9534	8969
5867	8970
4447	8971
2725	8972
2976	8973
9436	8974
3173	8975
7054	8976
5904	8977
3238	8978
8389	8979
8188	8980
6028	8981
9671	8982
3953	8983
343	8984
4630	8985
1932	8986
8900	8987
4289	8988
6030	8989
5191	8990
9164	8991
5035	8992
3144	8993
6131	8994
4543	8995
6790	8996
3573	8997
4202	8998
5895	8999
8575	9000
7435	9001
994	9002
5510	9003
790	9004
9631	9005
4859	9006
56	9007
7768	9008
777	9009
2723	9010
8879	9011
3383	9012
8825	9013
2764	9014
4205	9015
5363	9016
5288	9017
6896	9018
8914	9019
6436	9020
855	9021
4664	9022
6307	9023
3822	9024
5278	9025
9511	9026
6714	9027
2446	9028
1918	9029
7540	9030
8006	9031
6256	9032
7561	9033
1856	9034
5898	9035
8654	9036
5975	9037
1665	9038
7293	9039
3112	9040
6977	9041
3088	9042
5777	9043
9809	9044
1829	9045
2126	9046
2818	9047
1753	9048
371	9049
1149	9050
8284	9051
2070	9052
8960	9053
2875	9054
2771	9055
5248	9056
840	9057
6467	9058
6600	9059
2164	9060
1160	9061
2940	9062
22	9063
6580	9064
4855	9065
6195	9066
30	9067
3636	9068
6967	9069
5029	9070
7421	9071
2849	9072
4516	9073
8414	9074
2476	9075
4053	9076
7701	9077
5441	9078
3417	9079
5713	9080
2366	9081
513	9082
7715	9083
32	9084
6719	9085
2445	9086
2511	9087
7662	9088
596	9089
8687	9090
2372	9091
6715	9092
1915	9093
5547	9094
5464	9095
3552	9096
1366	9097
7269	9098
9694	9099
5182	9100
9912	9101
9148	9102
2610	9103
6622	9104
7005	9105
4771	9106
5819	9107
3508	9108
2439	9109
4458	9110
5154	9111
4008	9112
8568	9113
9792	9114
9747	9115
3105	9116
5513	9117
7158	9118
8867	9119
7063	9120
7132	9121
48	9122
8437	9123
646	9124
5674	9125
6981	9126
350	9127
4132	9128
7797	9129
8712	9130
1221	9131
1688	9132
753	9133
167	9134
9232	9135
5385	9136
5215	9137
7716	9138
3531	9139
4417	9140
5476	9141
6974	9142
8097	9143
671	9144
8306	9145
6832	9146
3235	9147
9664	9148
3685	9149
791	9150
8033	9151
1394	9152
4696	9153
453	9154
7194	9155
9133	9156
2323	9157
1899	9158
1279	9159
6969	9160
8643	9161
2085	9162
1142	9163
6383	9164
7100	9165
4225	9166
3355	9167
16	9168
419	9169
8128	9170
6761	9171
3972	9172
2059	9173
9374	9174
965	9175
2557	9176
9599	9177
9737	9178
9002	9179
4991	9180
5411	9181
3651	9182
3062	9183
2391	9184
7515	9185
451	9186
5786	9187
175	9188
8133	9189
5714	9190
848	9191
1479	9192
9568	9193
915	9194
5967	9195
8905	9196
1080	9197
2820	9198
8246	9199
3255	9200
4389	9201
9449	9202
6237	9203
8217	9204
9770	9205
1705	9206
7871	9207
7682	9208
2390	9209
4128	9210
45	9211
2347	9212
1334	9213
9182	9214
9291	9215
519	9216
4090	9217
4952	9218
6471	9219
8499	9220
828	9221
7919	9222
3304	9223
7395	9224
6100	9225
4966	9226
6388	9227
8351	9228
1715	9229
1525	9230
9915	9231
6885	9232
3652	9233
9401	9234
9608	9235
4636	9236
216	9237
2785	9238
4097	9239
8653	9240
8286	9241
4555	9242
1719	9243
670	9244
259	9245
5142	9246
2452	9247
1437	9248
2742	9249
3858	9250
6022	9251
2871	9252
7359	9253
4242	9254
6321	9255
7599	9256
7237	9257
1457	9258
6552	9259
1141	9260
9826	9261
2354	9262
1807	9263
2153	9264
1213	9265
2523	9266
4951	9267
8791	9268
6041	9269
5406	9270
1235	9271
6937	9272
3492	9273
7585	9274
9103	9275
2946	9276
2950	9277
4820	9278
4850	9279
1991	9280
1422	9281
9843	9282
3964	9283
7267	9284
4147	9285
7261	9286
9445	9287
2608	9288
8181	9289
6663	9290
548	9291
6502	9292
6414	9293
9712	9294
7930	9295
5362	9296
6651	9297
2003	9298
4165	9299
5812	9300
4404	9301
2517	9302
706	9303
8507	9304
3919	9305
6592	9306
2920	9307
3921	9308
4305	9309
4068	9310
9032	9311
6608	9312
1169	9313
168	9314
8935	9315
6016	9316
4969	9317
5040	9318
1126	9319
9891	9320
9507	9321
3070	9322
8747	9323
5770	9324
8148	9325
8132	9326
3619	9327
9724	9328
1249	9329
2598	9330
7151	9331
3335	9332
1895	9333
2653	9334
39	9335
5437	9336
330	9337
8690	9338
7358	9339
5428	9340
8395	9341
4502	9342
8391	9343
4372	9344
8211	9345
3359	9346
1967	9347
972	9348
2629	9349
1680	9350
6142	9351
2774	9352
8533	9353
5893	9354
4482	9355
2750	9356
9205	9357
2647	9358
139	9359
663	9360
2970	9361
3151	9362
2243	9363
9804	9364
8735	9365
5958	9366
6613	9367
1081	9368
7839	9369
3410	9370
8043	9371
2449	9372
4832	9373
55	9374
2339	9375
8873	9376
7316	9377
29	9378
1274	9379
3640	9380
9592	9381
531	9382
8868	9383
9440	9384
5469	9385
4931	9386
8480	9387
9339	9388
2903	9389
342	9390
4197	9391
38	9392
274	9393
1234	9394
9047	9395
6325	9396
9818	9397
9155	9398
6242	9399
8968	9400
3308	9401
3079	9402
8559	9403
4657	9404
7443	9405
4566	9406
792	9407
4788	9408
265	9409
6903	9410
7739	9411
7595	9412
9848	9413
5450	9414
875	9415
4583	9416
2437	9417
363	9418
2192	9419
6791	9420
712	9421
2423	9422
4016	9423
7869	9424
2313	9425
6150	9426
1748	9427
9546	9428
6217	9429
9829	9430
157	9431
1047	9432
7506	9433
1435	9434
579	9435
4957	9436
3628	9437
3884	9438
985	9439
2565	9440
7153	9441
7766	9442
3398	9443
1790	9444
5591	9445
2124	9446
3730	9447
1755	9448
8862	9449
1966	9450
6739	9451
3733	9452
8337	9453
1889	9454
7825	9455
9514	9456
7080	9457
7466	9458
4116	9459
8794	9460
2923	9461
8136	9462
6224	9463
3865	9464
2993	9465
5671	9466
7002	9467
3625	9468
5042	9469
5404	9470
6460	9471
2095	9472
7011	9473
254	9474
149	9475
5484	9476
3108	9477
8689	9478
3136	9479
7625	9480
3128	9481
653	9482
290	9483
6508	9484
1215	9485
7637	9486
3449	9487
1250	9488
319	9489
5491	9490
6284	9491
1481	9492
980	9493
2605	9494
5950	9495
2080	9496
9058	9497
9384	9498
2537	9499
4051	9500
292	9501
8149	9502
9453	9503
6818	9504
7157	9505
2516	9506
218	9507
9158	9508
5227	9509
2650	9510
6908	9511
2591	9512
794	9513
5643	9514
234	9515
3813	9516
7670	9517
5564	9518
1431	9519
1843	9520
66	9521
7909	9522
4531	9523
169	9524
4471	9525
9859	9526
8814	9527
2057	9528
8907	9529
2182	9530
2484	9531
4617	9532
7364	9533
392	9534
2341	9535
5195	9536
4483	9537
4926	9538
3852	9539
2645	9540
763	9541
8754	9542
7333	9543
4593	9544
143	9545
1504	9546
5286	9547
9708	9548
8425	9549
5616	9550
9647	9551
9551	9552
1846	9553
9140	9554
4382	9555
4424	9556
6171	9557
347	9558
976	9559
5135	9560
9253	9561
9662	9562
2227	9563
6755	9564
9536	9565
8122	9566
8520	9567
8071	9568
8075	9569
6593	9570
2018	9571
6957	9572
8140	9573
7584	9574
1228	9575
6064	9576
7587	9577
6415	9578
868	9579
9000	9580
5832	9581
4718	9582
6095	9583
8162	9584
268	9585
8004	9586
3340	9587
3943	9588
2814	9589
5253	9590
9033	9591
3560	9592
5699	9593
8298	9594
1285	9595
5010	9596
3083	9597
6648	9598
9016	9599
3489	9600
8081	9601
212	9602
5041	9603
1321	9604
9246	9605
4091	9606
4659	9607
2719	9608
8864	9609
9188	9610
9710	9611
1122	9612
8321	9613
2728	9614
687	9615
3135	9616
6395	9617
1227	9618
8555	9619
2183	9620
9632	9621
1039	9622
1287	9623
6684	9624
4488	9625
40	9626
5386	9627
6419	9628
3867	9629
3525	9630
6561	9631
757	9632
5352	9633
3330	9634
7406	9635
4841	9636
1374	9637
7552	9638
293	9639
4033	9640
935	9641
2369	9642
2703	9643
3574	9644
5928	9645
1078	9646
3006	9647
5637	9648
6066	9649
7748	9650
1614	9651
7514	9652
4588	9653
1700	9654
8525	9655
6917	9656
4930	9657
8798	9658
6668	9659
9189	9660
381	9661
1629	9662
6463	9663
741	9664
5158	9665
8393	9666
8565	9667
3048	9668
8581	9669
432	9670
2675	9671
1578	9672
4688	9673
577	9674
6829	9675
2198	9676
2664	9677
2929	9678
3327	9679
5788	9680
2194	9681
893	9682
3727	9683
7478	9684
1670	9685
2075	9686
5102	9687
4446	9688
1817	9689
276	9690
4301	9691
4118	9692
3825	9693
7042	9694
2533	9695
8186	9696
538	9697
5438	9698
3755	9699
331	9700
9822	9701
4714	9702
3925	9703
9766	9704
6999	9705
1984	9706
2062	9707
911	9708
6039	9709
3095	9710
1325	9711
2448	9712
3772	9713
7840	9714
5669	9715
5239	9716
1043	9717
6018	9718
4254	9719
1949	9720
1530	9721
3232	9722
4436	9723
629	9724
9055	9725
8550	9726
5629	9727
410	9728
5232	9729
1554	9730
9312	9731
8112	9732
1362	9733
6320	9734
4316	9735
5408	9736
1729	9737
926	9738
6963	9739
8448	9740
5420	9741
4989	9742
8381	9743
1018	9744
6255	9745
8562	9746
1161	9747
3116	9748
2636	9749
2830	9750
4654	9751
64	9752
7894	9753
5219	9754
2383	9755
299	9756
3209	9757
9472	9758
1003	9759
2189	9760
7531	9761
711	9762
4710	9763
4889	9764
1810	9765
8762	9766
4468	9767
3097	9768
2963	9769
4476	9770
3082	9771
2242	9772
8017	9773
676	9774
4595	9775
5427	9776
3050	9777
7383	9778
8041	9779
4493	9780
4700	9781
8095	9782
7758	9783
995	9784
5644	9785
6610	9786
6172	9787
4790	9788
1414	9789
8353	9790
7845	9791
9278	9792
9529	9793
1338	9794
4973	9795
6002	9796
8561	9797
8222	9798
7945	9799
9749	9800
8275	9801
762	9802
2898	9803
9252	9804
8898	9805
5025	9806
7040	9807
5338	9808
4864	9809
3737	9810
5	9811
6032	9812
8110	9813
2662	9814
436	9815
6529	9816
5245	9817
4781	9818
2663	9819
6966	9820
6344	9821
7482	9822
5119	9823
7324	9824
3126	9825
7944	9826
7056	9827
6998	9828
3607	9829
5734	9830
6954	9831
1615	9832
6335	9833
984	9834
9309	9835
7958	9836
9240	9837
378	9838
5405	9839
6630	9840
9131	9841
3649	9842
3783	9843
83	9844
2980	9845
1401	9846
3725	9847
661	9848
1912	9849
9597	9850
6331	9851
4084	9852
6340	9853
4757	9854
1079	9855
4987	9856
5866	9857
7583	9858
6848	9859
8358	9860
3028	9861
4749	9862
9575	9863
7348	9864
5912	9865
6649	9866
4366	9867
9387	9868
3543	9869
5873	9870
5141	9871
8648	9872
510	9873
7022	9874
900	9875
11	9876
2102	9877
6612	9878
1186	9879
2474	9880
5710	9881
2618	9882
1757	9883
4586	9884
2704	9885
1423	9886
2913	9887
4060	9888
1751	9889
6687	9890
6481	9891
4212	9892
902	9893
5426	9894
97	9895
931	9896
2234	9897
9730	9898
2576	9899
4628	9900
9365	9901
7235	9902
8185	9903
5702	9904
3310	9905
5019	9906
6232	9907
9083	9908
1873	9909
33	9910
7159	9911
4890	9912
1859	9913
8572	9914
3069	9915
1556	9916
8468	9917
5324	9918
5522	9919
6065	9920
8167	9921
23	9922
5662	9923
8719	9924
8465	9925
1468	9926
1303	9927
8430	9928
2915	9929
9673	9930
7792	9931
3239	9932
1480	9933
5711	9934
704	9935
5568	9936
191	9937
4661	9938
8392	9939
2443	9940
4343	9941
6994	9942
8212	9943
650	9944
8220	9945
3452	9946
7800	9947
246	9948
7284	9949
8704	9950
4181	9951
2358	9952
2337	9953
7179	9954
4853	9955
4457	9956
3486	9957
3992	9958
4172	9959
9596	9960
638	9961
2113	9962
7776	9963
5052	9964
3805	9965
49	9966
8250	9967
5842	9968
8961	9969
683	9970
8432	9971
4884	9972
7762	9973
7308	9974
4804	9975
4679	9976
4347	9977
658	9978
465	9979
3011	9980
8343	9981
801	9982
6129	9983
8117	9984
322	9985
6301	9986
2330	9987
5358	9988
4200	9989
5953	9990
9846	9991
9072	9992
8431	9993
1385	9994
560	9995
5037	9996
1450	9997
9686	9998
3439	9999
9461	10000
