1226	116	3	10.45
624	2	3	7.92
102	114	93	21.59
124	757	4	13.88
102	187	21	10.4
102	231	19	19.18
204	276	4	16.8
999	1320	3	35.77
199	689	3	17.35
516	119	8	31.29
305	914	4	34.69
161	878	10	94.21
333	133	4	9.37
303	1615	5	58.61
190	157	10	37.11
648	155	5	29.03
3086	170	3	28.78
12	1131	3	7.52
222	296	3	12.33
1415	103	4	10.18
788	226	3	19.54
222	378	3	14.35
107	1496	3	7.76
972	105	5	12.22
513	123	5	15.65
699	126	4	14.46
739	119	3	7.5
1525	106	4	15.73
975	2050	4	58.23
510	144	3	9.68
896	1	4	15.79
1604	208	5	51.94
850	125	3	10.06
106	865	8	31.49
101	715	7	7.87
718	101	7	7.87
119	844	4	13.38
132	408	21	161.53
111	1449	3	9.86
1225	318	3	26.06
12	798	6	20.21
377	140	4	12.43
2414	2499	3	54.67
115	457	4	8.15
286	263	6	36.71
12	627	6	16.12
101	3079	3	9.34
110	101	166	19.6
448	116	5	12.03
120	1030	8	53.41
1559	12	4	17.22
228	102	46	175.13
104	1380	4	11.19
239	302	3	13.42
123	774	7	34.66
149	804	3	14.46
1023	106	4	10.12
697	211	4	27.03
113	106	52	13.98
854	120	4	13.63
242	135	8	24.02
116	414	9	32.56
2730	303	3	34.96
812	116	8	42.8
108	888	4	9.55
477	729	4	37.64
152	911	3	15.5
109	138	24	10.8
185	174	4	8.8
120	2045	4	26.66
231	161	3	6.77
490	128	3	7.24
816	115	3	7.92
701	120	5	17.54
155	102	42	41.54
122	340	4	6.99
164	149	7	14.16
335	144	4	11.83
2160	123	3	16.45
2504	108	3	15.88
111	1653	3	11.34
119	386	4	6.88
145	1360	5	36.72
12	2162	3	12.19
124	248	8	17.38
12	2334	3	16.56
317	122	5	9.75
1730	108	3	9.45
1616	163	5	46.72
157	184	4	7.22
199	2	6	6.75
110	427	5	7.8
101	2900	3	9.34
173	711	4	23.38
1296	101	7	21.81
802	109	10	53.55
1053	125	3	11.59
212	1643	3	25.02
128	2348	3	22.41
119	439	4	7.96
2335	236	3	32.77
120	608	5	15.74
2263	104	4	18.4
1063	102	5	9.31
12	1101	3	6.63
148	326	3	8.07
1943	123	4	27.87
608	120	5	15.74
14	149	122	21.57
1937	106	3	11.09
597	108	5	9.55
1581	120	3	13.4
109	377	8	15.23
1043	518	6	70.86
584	110	7	21.36
141	57	15	8.9
121	1283	3	11.18
104	410	8	11.66
112	2	39	41.83
123	1832	3	16.45
136	145	12	17.12
102	2117	3	7.18
135	931	3	12.57
406	121	14	69.73
104	260	12	13.91
242	224	3	10.84
212	741	4	28.03
242	180	3	8.21
113	254	6	7.84
434	453	3	21.92
755	116	5	18.17
391	120	15	73.39
542	12	12	51.79
1531	12	4	17.22
151	214	4	8.69
151	146	7	9.82
213	426	4	22.68
105	490	7	12.24
412	108	6	8.85
127	585	3	8.04
500	153	4	17.67
148	463	3	10.47
102	2176	3	7.18
2021	111	3	13.47
149	700	8	55.85
122	1243	3	11.41
656	101	7	6.7
609	136	3	9.69
109	1964	4	21.39
106	2193	4	20.57
103	1333	4	10.18
110	2627	3	17.1
958	1	3	9.79
123	14	297	10.37
102	1221	5	11.2
538	106	8	21.56
888	108	4	9.55
1502	123	3	12.76
205	1528	3	24.35
104	769	6	13.51
176	153	6	13
232	239	3	11.2
352	201	3	12.75
12	1551	4	17.22
6	251	4	36.96
109	634	7	20.36
283	129	4	6.71
159	154	8	19.45
1365	109	3	8.15
129	537	5	18.05
12	1146	6	27.54
130	745	6	30.13
120	1581	3	13.4
1346	21	3	9.71
1833	106	3	11.09
57	239	7	9.79
138	389	3	7.58
107	354	8	12.95
107	558	6	12.44
2	1292	3	12.07
205	513	4	23.62
306	147	3	7.07
333	121	5	10.09
2109	105	3	9.97
21	169	17	22.83
917	21	3	6.89
108	1471	3	8
12	453	12	44.27
518	1043	6	70.86
103	366	12	21.69
1	2401	3	20.87
232	117	7	10.08
2065	500	4	52.04
950	129	3	11.25
2900	219	3	31.85
1819	183	5	49.41
105	1839	3	9.97
451	2263	4	51.03
500	2065	4	52.04
12	331	15	49.07
244	176	9	45.26
1470	113	3	11.23
1299	21	4	14.38
120	432	4	7.8
125	1230	3	12.56
690	102	6	8.03
12	2949	3	16.56
106	899	4	9
177	110	14	13.58
168	139	6	8.3
102	153	42	32.81
571	202	10	87.37
119	1004	4	15.6
107	373	8	13.59
713	111	4	9.38
749	119	6	24.84
299	157	5	19.12
106	856	4	8.06
2064	275	4	45.71
107	2843	3	15.62
116	2067	3	15.28
1000	222	3	21.43
537	327	3	20.45
1549	101	5	15.58
121	900	3	9.42
1265	105	4	10.06
797	125	3	10.06
686	103	7	15.25
120	222	17	52.11
58	147	79	410.39
236	114	7	9.91
704	101	9	15.97
1911	105	3	9.97
236	187	5	19.48
1571	2776	3	47.94
125	257	6	12.39
122	756	11	76.24
103	115	72	18.15
707	1296	7	99.4
57	117	26	7.16
329	110	6	8.11
146	151	7	9.82
108	730	4	8.6
2572	1502	3	46.35
253	135	4	7.1
151	527	3	11.57
2090	106	3	11.09
112	165	17	25.43
628	21	5	13.06
322	2	5	11.07
960	124	3	9.81
106	272	25	88.89
157	210	4	9.38
163	1809	5	46.72
2483	12	3	16.56
105	106	129	47.45
105	312	10	13.97
115	111	32	7.37
260	104	12	13.91
128	1053	3	12.07
133	172	7	8.86
448	211	3	15.2
105	417	6	6.85
790	133	3	10.51
206	2775	3	31.06
12	661	5	11.34
725	212	3	18.32
106	602	9	28.88
2244	101	4	12.46
102	922	5	7.86
256	101	23	26.52
403	158	4	16.8
403	21	21	124.66
730	116	3	8.02
1702	105	3	7.94
280	414	3	17.57
1196	107	5	17.97
108	2249	4	21.18
105	1329	4	11.79
109	172	29	54.67
966	411	3	26.01
2100	137	4	32.32
900	106	4	9
374	139	4	12.12
179	184	4	9.15
1886	106	4	20.57
2066	102	3	7.18
102	1769	4	10.46
805	139	4	19.48
170	102	45	67.72
108	1072	8	42.41
401	793	11	141.36
1933	3079	3	50.17
160	125	25	78.01
115	410	4	7
121	300	5	8.49
154	316	3	8.71
116	1202	3	10.45
110	174	12	8.52
367	188	4	19.03
1023	119	3	9.58
101	326	14	12.4
577	139	3	10.36
157	161	16	64.27
219	2250	4	42.55
12	1003	4	11.52
1287	107	3	6.67
148	113	34	81.4
371	116	8	24.87
130	1429	4	22.46
101	2817	3	9.34
213	138	5	9.66
2049	101	4	12.46
104	2672	3	13.8
113	490	4	8.26
125	755	3	9.44
122	144	19	25.36
378	120	4	6.78
887	119	3	8.78
164	132	7	7.3
161	1631	5	46.83
668	123	4	13.09
339	899	9	111.56
58	12	90	183.15
2854	106	3	15.43
106	1906	3	11.09
2775	208	3	31.06
103	203	14	7.28
2509	101	3	9.34
145	918	9	76.01
107	1362	4	13.5
102	1437	5	13.84
520	414	3	22.36
138	507	3	9.1
209	117	8	10.64
926	120	4	14.66
105	723	5	8.86
134	14	213	20.96
2246	2685	3	50.17
162	153	7	14.86
21	139	21	13.23
21	342	25	148.59
259	12	11	19.18
2774	119	3	19.79
2597	562	3	39.66
147	204	14	58.26
115	919	3	8.6
115	1090	4	15.36
101	664	13	40.54
143	385	3	8.12
651	107	5	9.94
656	2940	3	40.62
389	138	3	7.58
533	107	5	7.85
2176	121	4	27.31
103	383	9	12.41
865	246	4	30.96
58	506	3	6.89
568	328	3	20.88
1525	119	3	13.21
1124	120	8	53.41
655	102	7	10.51
12	1585	3	10.09
124	546	4	11.15
587	104	6	10.18
103	1876	3	8.74
107	708	4	6.78
113	1450	3	11.23
276	1004	3	23.64
205	739	6	47.33
106	368	8	13.16
101	262	21	22.45
12	679	5	12.23
266	58	5	8.74
101	3019	3	9.34
1751	101	4	7.93
291	21	28	142.88
116	378	8	24.06
109	154	24	26.26
3093	960	3	43.21
507	143	7	35.92
1824	2815	3	47.94
113	120	28	11.02
3119	153	3	26.92
546	126	3	7.59
2818	106	3	15.43
701	106	5	10.53
101	1338	5	10.64
2308	12	3	16.56
1291	110	3	8.01
57	856	3	7.64
1667	103	3	6.75
1818	2	3	14.78
14	222	50	8.81
12	1016	3	6.63
708	103	7	15.25
115	141	15	9.85
687	492	3	25.96
342	140	3	7.15
957	110	9	51.38
102	815	5	6.69
103	2131	3	8.74
1643	126	4	24.37
1331	1	3	12.74
157	12	19	17.6
101	472	18	56.17
106	286	10	14.09
516	12	6	13.28
149	414	4	15.75
106	627	8	24.65
106	798	5	12.65
187	118	11	16.37
1832	105	3	9.97
713	141	6	33.4
111	1263	3	8.72
123	1150	3	11.58
146	103	30	10.94
294	124	5	8.78
825	116	3	8.02
57	136	30	41.45
3120	244	3	33.2
113	1065	3	9.13
410	1090	3	26.88
1186	126	3	12.62
1150	123	3	11.58
151	882	3	14.66
116	804	3	8.02
1650	1108	3	37.36
160	701	3	14.64
1250	1504	6	95.28
134	1260	3	13.66
2303	518	3	39.23
129	104	54	32.71
108	499	5	7.64
878	161	10	94.21
739	12	10	48.74
2	112	39	41.83
2112	112	4	25.25
111	238	27	106.8
205	226	4	14.59
874	101	10	31.17
149	112	13	8.84
246	101	20	15.48
9	125	3	11.59
533	105	8	17.48
1721	163	5	46.72
114	102	93	21.59
121	746	3	8.12
347	2782	3	36.32
115	1029	4	15.36
302	126	4	6.87
107	236	13	19.13
102	474	9	12.05
484	1	4	10.1
177	102	27	17.31
464	168	3	12.67
347	2889	3	36.32
803	109	10	53.55
21	545	15	88.88
219	311	3	12.81
370	121	6	15.2
681	134	3	9.94
719	2261	4	55.31
108	514	5	8.22
1323	113	3	11.23
128	1568	5	37.4
103	2735	3	12.99
139	545	3	9.93
2106	124	4	27.87
473	109	10	29.95
2961	503	3	38.83
112	2212	3	14.52
58	404	4	9.32
186	244	3	8.87
163	346	3	10.04
796	12	4	9.41
191	166	4	8.53
106	1732	3	9.01
288	106	8	8.58
119	1622	5	33.01
446	3087	3	38.1
910	57	3	8.32
338	131	10	42.47
287	2559	3	34.56
116	700	11	65.68
792	212	3	18.92
58	210	6	8.42
1346	124	3	12.76
58	150	13	18.6
130	609	3	8.46
973	160	5	34.43
2558	105	3	14.28
2614	116	3	19.71
153	254	6	21.24
3072	107	3	15.62
1338	892	4	50.59
571	139	3	10.36
102	220	17	11.05
132	173	28	112.38
282	377	3	16.69
118	146	13	8.51
1538	193	3	23.84
143	122	22	34.68
227	290	6	34.32
153	2951	3	26.92
769	104	6	13.51
2335	12	3	16.56
127	133	15	11.8
804	149	3	14.46
2067	117	3	15.32
1002	12	6	24.42
2773	122	3	20.72
780	102	7	13.38
115	14	364	7.09
2146	366	4	48.96
1	1331	3	12.74
123	9	3	10.62
126	1186	3	12.62
119	559	5	14.66
1496	107	3	7.76
373	107	8	13.59
1209	21	3	8.58
1622	118	5	32.93
12	2297	3	16.56
206	58	6	7.55
234	105	11	9.32
106	1478	3	7.58
313	372	24	310.83
122	21	38	22.49
103	686	7	15.25
1360	110	4	15.4
2514	106	3	15.43
2780	266	3	34.02
128	1703	3	15.78
1507	123	5	29.5
751	102	6	9.18
213	115	15	39.36
812	520	4	39.15
787	137	8	52.03
109	241	41	212
688	119	3	6.97
363	132	4	9.72
2913	120	3	19.99
122	2856	3	20.72
1	239	6	9.33
542	119	6	20.1
242	109	12	18.28
1301	121	3	11.18
101	1575	4	7.93
104	192	15	9.39
113	134	17	6.73
131	276	4	6.65
101	245	18	10.76
101	305	14	9.75
671	672	8	104.81
260	2797	3	33.85
687	149	7	47.77
536	102	9	14.42
161	218	4	10.24
906	1062	3	32.63
12	726	7	24.79
121	333	5	10.09
108	1739	3	9.45
8	272	5	43.47
280	58	5	9.25
101	1201	5	8.15
434	272	7	55.73
1773	101	4	7.93
107	1772	3	9.19
525	119	4	9.3
202	108	11	8.31
822	111	4	10.99
275	2779	3	34.19
1298	275	7	80.67
153	843	10	90.38
377	364	3	18.86
331	12	15	49.07
184	157	4	7.22
560	131	3	8.09
454	356	13	146.01
131	473	4	11.66
150	114	11	7.37
206	169	4	10.1
119	432	9	32.79
131	217	7	13.96
123	668	4	13.09
106	406	8	15.33
520	700	7	77.48
228	154	5	14.74
551	103	7	11.55
743	57	5	17.5
110	153	16	10.51
105	477	6	8.63
189	14	66	11.64
174	269	3	8.8
286	110	11	22.73
154	182	4	6.63
975	110	4	11.03
202	571	10	87.37
1615	123	5	34.85
248	319	3	14.33
1830	518	3	34.73
211	2750	3	31.61
542	106	7	16.56
122	2773	3	20.72
101	1455	6	18.7
198	21	11	12.81
396	263	4	24.5
113	147	13	8.05
2884	185	3	29.73
108	381	17	64.78
1722	109	5	26.74
1528	205	3	24.35
379	163	3	10.53
463	148	3	10.47
158	299	7	32.16
158	179	4	6.81
2711	130	3	22.49
1225	106	5	17.66
2760	110	3	17.1
3132	102	3	11.35
272	125	14	56.77
1299	124	3	11.58
12	136	28	17.24
12	272	25	98.23
147	171	24	110.94
442	116	4	7.87
332	965	9	110.69
209	265	3	11.24
497	2112	4	52.04
120	313	5	8.41
102	273	11	6.81
355	12	8	15.75
724	120	12	80.24
204	57	10	14.71
120	3055	3	19.99
514	108	5	8.22
492	110	5	9.34
2481	110	3	17.1
103	102	255	46.55
1739	108	3	9.45
340	122	4	6.99
999	456	3	27.88
156	499	3	11.92
258	111	15	41.01
1833	12	4	22.09
101	1751	4	7.93
2121	102	3	7.18
509	130	3	7.31
104	986	5	11.49
106	1937	3	11.09
12	1161	3	7.52
2572	1944	3	50.17
661	105	5	8.03
127	2105	4	29.38
756	109	4	7.97
152	162	5	7.54
106	2094	3	11.09
57	213	11	20.97
456	332	3	19.92
384	147	4	14.12
169	125	7	6.9
295	1212	7	82.08
117	398	4	6.83
2275	102	3	7.18
12	1315	3	8.64
137	2637	3	24.22
265	144	5	14.09
1351	123	3	12.76
121	867	3	8.73
12	479	6	12.51
326	101	14	12.4
104	1781	3	7.49
123	410	9	34.89
118	300	6	10.94
219	2900	3	31.85
970	1824	3	36.48
499	114	4	8.49
1524	276	3	27.48
106	868	4	8.06
149	113	12	7.86
518	1830	3	34.73
1929	107	4	20.83
1271	2969	3	45.11
911	441	9	117.94
147	323	4	12.46
425	1783	3	31.04
461	687	4	37.64
315	189	3	11.3
108	1135	3	6.91
172	161	4	6.65
200	132	8	16.22
244	155	3	6.95
107	3071	3	15.62
2685	2246	3	50.17
424	110	5	7.8
1525	12	3	10.09
237	57	9	16.24
12	1569	3	10.09
104	683	7	16.98
1502	127	6	44.12
307	201	3	11.85
2886	217	3	31.85
741	212	4	28.03
135	210	10	29.92
1134	298	7	82.08
151	109	46	100.52
1030	109	6	23.38
507	138	3	9.1
109	127	40	23.54
406	538	4	32.78
529	126	3	7.21
106	1128	5	17.66
1273	120	3	10.72
622	106	8	24.65
104	14	980	69.53
2776	1571	3	47.94
203	232	3	9.48
1023	12	8	44.23
672	1941	3	36.68
131	14	228	11.95
296	432	3	17.95
667	136	3	10.16
133	127	15	11.8
680	145	3	11.99
224	109	33	118.04
184	206	3	6.88
296	222	3	12.33
272	9	5	46.73
2193	369	4	48.96
490	1470	3	30.52
119	525	4	9.3
1320	12	4	14.71
123	1090	3	10.62
101	395	11	8.98
131	560	3	8.09
1224	108	4	12.06
1202	110	3	8.01
1349	12	3	8.64
192	177	4	9.71
887	12	6	22.09
740	106	7	22.24
2885	102	3	11.35
104	424	7	9.06
104	348	8	9.06
253	109	9	9.93
1217	303	3	25.42
14	251	40	7.04
381	101	15	20.84
14	167	92	16.24
14	105	904	61.48
12	1835	4	22.09
108	753	4	7.79
253	117	7	11.51
263	396	4	24.5
140	486	3	9.4
127	1502	6	44.12
353	144	3	7.42
14	221	50	8.81
2466	1043	3	44.08
122	206	8	11.99
108	2395	3	15.88
222	668	4	27.51
1788	103	3	6.75
106	1563	3	9.01
118	1955	4	26.33
943	109	6	21.07
206	192	3	7.43
150	325	3	8.62
108	2097	3	11.53
21	790	4	9.95
1091	110	3	7.11
2595	123	3	20.89
12	678	5	12.23
631	122	3	7.31
1057	12	3	6.63
216	109	19	39.1
712	101	7	7.87
205	738	3	18.25
106	541	10	33.2
310	167	4	15.14
101	320	12	6.72
103	1109	8	34.68
231	372	3	14.72
1157	21	4	14.38
198	203	3	7.77
2431	106	3	15.43
2547	102	3	11.35
318	128	7	21.92
135	132	24	47.36
318	2431	3	35.6
1201	101	5	8.15
116	940	3	8.71
596	121	3	6.66
878	107	10	52.15
147	138	17	41.3
189	700	4	25.23
200	210	3	8.36
134	414	3	6.88
1522	267	6	68.58
118	420	4	7.52
2627	829	3	42.45
205	123	21	73.69
107	132	28	7.28
2711	108	3	15.88
2218	102	3	7.18
1589	12	5	27.62
123	456	6	19.66
187	236	5	19.48
3072	3071	3	54.67
118	166	40	143.69
106	797	4	8.06
101	986	6	8.66
276	106	20	57.78
153	162	7	14.86
2263	846	4	57.13
432	296	3	17.95
1090	410	3	26.88
156	2900	3	27.48
58	162	14	26.02
208	145	5	9.59
264	101	17	13.02
121	1641	3	13.88
101	1796	4	7.93
638	110	5	12.14
1861	12	3	12.19
1212	273	7	81.59
145	1031	8	67.51
108	207	24	53.91
116	701	3	6.9
108	326	7	9.11
2961	102	3	11.35
58	209	7	11.21
811	12	10	55.31
318	2219	3	31.11
269	118	6	9.34
241	150	6	20.34
103	124	52	8.02
3084	101	3	9.34
169	160	5	10.16
117	2787	3	19.74
104	904	9	41.45
138	404	3	7.85
102	322	12	13.24
163	1297	7	65.56
110	2175	4	22.8
21	290	6	7.04
12	520	7	17.93
495	511	3	23.02
12	572	5	10.54
127	647	13	95.95
236	1571	5	54.85
209	135	5	8.08
2300	106	3	15.43
244	186	3	8.87
101	2609	3	9.34
1229	1571	3	38.38
107	118	44	9.24
163	1616	5	46.72
102	579	14	53.04
144	706	3	11.88
106	965	4	9
749	432	9	106.28
155	1102	8	74.17
111	150	14	8.98
1513	109	4	14.03
1134	2504	3	45.11
107	1508	6	31.26
538	121	5	15.72
1083	101	6	10.64
106	1809	5	25.72
878	209	4	28.52
2181	102	3	7.18
986	104	5	11.49
298	195	5	23.65
513	205	4	23.62
678	12	5	12.23
136	536	3	8.88
313	120	5	8.41
126	14	250	12.46
671	1941	4	57.13
126	246	5	8.11
909	339	9	111.56
112	359	6	12.46
2066	153	4	35.93
711	173	4	23.38
122	497	4	9.92
181	330	4	17.03
109	242	12	18.28
2889	347	3	36.32
133	21	103	339.02
109	1513	4	14.03
120	947	3	8.96
105	355	7	7.66
210	178	4	11.22
154	109	24	26.26
260	494	3	18.1
101	246	20	15.48
118	1085	4	15.54
177	815	3	16.97
103	1649	3	6.75
2640	102	3	11.35
216	151	6	17.65
676	123	6	25.57
119	12	48	22.35
150	241	6	20.34
144	389	3	8.15
1500	57	3	11.22
2097	108	3	11.53
1622	119	5	33.01
12	2298	3	16.56
2750	103	3	12.99
1964	109	4	21.39
107	2335	3	15.62
115	169	27	76.01
2067	116	3	15.28
21	623	11	54.14
133	1334	3	14.86
109	360	6	7.67
14	134	213	20.96
626	125	4	13.65
1	418	5	13.25
1507	124	6	41.84
643	107	10	38.56
1219	108	3	6.91
1824	106	5	25.72
335	115	5	8.85
164	177	17	79.76
559	119	5	14.66
126	348	4	8.42
122	157	13	17.69
267	168	3	8.54
406	106	8	15.33
645	135	4	16.04
1313	12	6	33.15
122	308	8	22.53
108	2616	3	15.88
133	291	22	131.66
2016	3083	3	50.17
377	185	3	12.19
230	58	6	10.08
110	3127	3	17.1
123	669	7	32.84
198	308	7	40.41
198	157	4	8.37
113	148	34	81.4
591	125	3	7.94
1615	124	5	34.85
160	169	5	10.16
201	766	11	114.69
2219	865	3	37.95
291	127	4	6.7
900	121	3	9.42
14	147	135	17
493	2817	3	38.83
915	120	3	8.96
119	1313	3	11.7
125	787	3	9.44
1417	135	3	15.59
1485	606	3	31.81
2815	106	3	15.43
121	406	14	69.73
128	865	7	40.34
184	21	66	356.76
2284	21	3	13.32
851	112	3	7.32
1251	105	4	10.06
184	158	4	7.35
1579	21	3	11.19
355	105	7	7.66
119	886	3	8.1
276	131	4	6.65
104	1677	3	7.49
299	124	7	17.19
101	940	7	13.22
303	1507	6	70.56
21	159	14	11.39
413	148	3	9.54
266	910	3	22.6
501	246	3	17.47
404	110	5	7.36
265	172	4	13.96
127	724	12	88.52
116	730	3	8.02
108	202	11	8.31
800	1	3	9.09
661	12	5	11.34
58	200	6	7.23
1042	111	4	13.15
169	113	11	11.43
1355	131	3	15.91
2	457	5	15.17
538	105	5	6.65
135	107	26	8.92
518	1026	3	28.65
700	116	11	65.68
165	288	3	8.54
1160	119	4	17.06
140	667	3	11.07
117	172	13	18.48
254	161	4	12.27
172	209	55	571.66
108	1151	4	12.06
128	104	61	47.77
1183	104	4	9.47
108	1219	3	6.91
115	1058	4	15.36
172	253	3	8.01
510	157	3	11.98
147	102	32	6.74
1230	137	5	32.12
609	130	3	8.46
219	186	3	7.65
102	392	11	14.74
2246	101	4	12.46
104	2103	3	9.51
737	729	3	28.9
123	160	9	8.43
1017	107	4	10.35
1250	103	4	8.5
101	2427	3	9.34
153	491	3	11.39
1075	107	8	41.7
875	2817	3	42.45
108	1134	4	12.06
121	823	3	8.73
272	113	7	12.35
107	3072	3	15.62
172	107	56	190.38
261	146	5	14.3
107	209	55	289.99
107	253	14	25.22
275	2064	4	45.71
123	1530	3	14.28
135	253	4	7.1
135	209	5	8.08
109	789	5	12.44
1304	101	6	13.43
201	107	13	12.26
108	441	10	28.05
965	528	9	122.3
1567	318	3	28.88
506	58	3	6.89
1586	141	5	41.51
633	121	3	7.1
12	1316	3	8.64
123	1351	3	12.76
112	794	3	6.73
218	161	4	10.24
397	142	3	8.08
111	438	10	34.31
103	220	13	8.05
312	104	8	7.09
118	179	19	43.49
276	119	15	53.07
1123	126	3	11.65
240	149	4	9.69
12	434	18	92.07
134	113	17	6.73
951	602	9	125.98
103	2049	3	8.74
124	21	39	25.87
794	112	3	6.73
143	727	11	92.46
296	120	20	92.67
116	1441	3	11.62
729	123	4	13.88
127	304	5	10.99
110	413	7	14.86
356	454	13	146.01
116	14	371	37.75
141	191	11	33.92
364	135	6	21.36
3140	110	3	17.1
109	458	5	7.32
349	2890	3	36.32
381	102	16	34.64
497	106	5	7.03
14	12	606	16.54
904	192	9	91.95
518	101	9	9.43
562	2597	3	39.66
359	112	6	12.46
664	101	13	40.54
104	425	8	12.44
275	1298	7	80.67
113	105	84	52.08
456	965	3	27.01
1455	101	6	18.7
103	983	5	10.27
414	700	3	24.3
2066	231	4	43.59
126	192	6	7.03
106	1129	4	11.49
1273	222	4	33.18
1367	1368	6	101.02
3018	110	3	17.1
140	157	10	20.3
12	733	4	8.58
105	601	5	7.3
101	3089	3	9.34
667	135	3	10.13
109	1475	4	14.03
107	766	11	57.37
107	841	5	12.94
12	2483	3	16.56
1568	736	3	35.72
133	3077	3	23.05
117	206	8	9.95
1030	814	8	120.08
642	2	3	7.92
821	101	9	22.02
12	1563	4	17.22
139	517	3	9.53
308	21	28	157.98
201	167	4	9.28
2106	154	4	36.37
139	577	3	10.36
176	241	3	8.07
102	1257	5	11.2
103	581	6	8.82
502	119	10	43.63
111	177	19	32.17
2141	12	3	12.19
638	1198	3	31.07
101	714	12	37.42
389	144	3	8.15
432	414	3	20.91
123	3139	3	20.89
330	109	7	9.4
173	537	3	13.62
12	116	66	58.54
134	482	3	7.81
2336	116	3	19.71
21	517	16	94.83
926	105	4	7.65
173	129	39	184.51
209	109	20	40.16
21	141	19	10.85
12	489	5	8.58
190	21	10	8.73
12	541	9	30.35
1043	1830	4	59.5
474	102	9	12.05
749	149	3	13.81
123	516	4	10.62
102	188	20	9.79
124	604	3	7.03
112	645	4	9.98
441	102	15	38.58
1141	12	7	38.69
169	275	3	8.76
107	1165	4	11.73
127	1944	4	29.38
159	21	14	11.39
12	1130	6	27.54
396	2290	4	49.73
108	228	20	47.08
116	668	3	6.9
434	116	5	12.03
122	190	9	13.11
122	138	13	8.08
231	313	4	20.53
122	274	5	7.76
8	116	4	13.28
104	498	7	12.19
335	143	7	28.93
1026	101	6	10.64
164	329	3	9.64
129	950	3	11.25
1451	108	4	13.84
116	111	32	7.89
181	2662	3	29.48
166	299	3	8.96
14	106	725	11.33
1818	108	5	26.48
837	120	3	8.28
726	205	5	36.85
102	2475	3	11.35
483	139	8	42.45
12	1001	5	17.42
1574	12	4	17.22
101	2823	3	9.34
109	1365	3	8.15
120	724	12	80.24
206	208	3	8.05
101	381	15	20.84
504	109	7	15.84
246	697	3	19.78
124	351	5	11.07
12	2522	3	16.56
1338	101	5	10.64
464	709	3	24.98
382	129	4	9.9
876	101	10	31.17
303	1805	5	58.61
12	797	4	9.41
1841	12	3	12.19
121	104	69	35.25
12	626	5	11.34
105	538	5	6.65
101	3080	3	9.34
1148	57	3	10.06
110	102	121	14.64
687	120	4	12.75
500	110	5	9.34
101	2944	3	9.34
179	253	4	13.57
185	377	3	12.19
2303	1043	3	44.08
196	290	3	10.9
113	107	50	13.05
257	101	19	15.55
2348	736	3	42.45
164	404	3	11.14
109	124	36	9.37
284	118	16	60.12
3085	101	3	9.34
391	222	7	47.81
1162	107	3	6.67
129	711	6	28.55
170	273	3	9.17
106	1342	3	7.58
730	108	4	8.6
1026	518	3	28.65
2522	12	3	16.56
406	477	3	21.65
113	149	12	7.86
1288	111	3	8.72
2862	120	3	19.99
2267	102	3	11.35
118	1101	3	9.53
110	3018	3	17.1
144	209	5	9.89
110	263	17	48.56
723	105	5	8.86
674	140	3	11.58
2335	118	3	19.74
120	812	5	19.84
2048	101	4	12.46
608	222	5	35.33
12	965	5	15.77
119	2674	3	19.79
598	594	3	25.6
101	544	10	14.44
886	119	3	8.1
205	973	6	51.01
131	583	4	13.79
119	542	6	20.1
3025	463	3	38.45
21	2533	3	17.71
112	122	29	14.49
212	876	10	107.23
298	2303	3	34.76
2940	656	3	40.62
102	2066	3	7.18
673	12	6	17.3
1313	119	3	11.7
2498	2499	3	54.67
14	150	112	9.52
1440	154	3	19
460	2019	4	51.52
110	1339	3	9.14
139	818	4	19.48
1109	103	8	34.68
225	2	14	44.96
57	109	73	59.29
225	689	3	18.94
1567	106	3	9.01
754	3082	3	41.78
105	8	5	10.91
906	108	4	9.55
107	355	6	7.02
168	141	6	8.82
204	58	13	34.35
355	107	6	7.02
1017	355	7	80.7
120	2913	3	19.99
255	140	4	8.4
774	103	7	16.89
103	1123	4	7.21
102	595	10	22.42
120	2862	3	19.99
1960	634	4	54.54
1017	105	4	8.73
121	778	3	8.12
1183	108	3	6.91
907	133	5	26.27
105	948	5	12.22
129	130	14	9.2
273	170	3	9.17
257	2507	3	33.68
2100	772	4	56.17
110	2050	4	22.8
437	266	3	17.55
473	122	4	9.46
2494	137	3	24.22
214	142	5	10.45
111	194	18	36.86
323	147	4	12.46
441	579	5	45.88
126	699	4	14.46
1000	120	3	9.76
142	1274	3	15.58
109	1626	3	9.59
110	957	9	51.38
102	154	35	20.45
311	109	9	15.09
1310	141	3	15.43
299	21	30	169.86
299	158	7	32.16
127	2572	3	22.03
102	1485	4	8.15
123	1141	3	11.58
139	1	14	10.74
756	122	11	76.24
1135	108	3	6.91
392	1721	5	62.42
139	483	8	42.45
108	472	5	7.12
273	295	7	48.1
1830	1043	4	59.5
1666	106	3	9.01
109	756	4	7.97
58	522	4	11.5
117	232	7	10.08
2815	1824	3	47.94
191	109	26	56.84
106	1666	3	9.01
57	437	6	15.98
118	1229	4	17
138	147	17	41.3
2246	231	4	43.59
106	900	4	9
104	2119	3	9.51
2901	139	3	24.54
2152	110	3	12.72
172	133	7	8.86
824	102	5	6.69
167	173	4	7.02
912	102	9	34.07
625	12	11	49.96
144	335	4	11.83
479	12	6	12.51
1085	118	4	15.54
127	539	3	7.63
444	2767	3	38.1
1292	2	3	12.07
342	365	4	27.06
377	169	3	11.23
230	112	7	8.6
276	2299	3	34.19
2431	318	3	35.6
179	118	19	43.49
3079	2816	3	54.67
755	108	6	17.36
1313	106	4	13.25
122	172	9	9.68
492	687	3	25.96
103	696	5	7.07
110	1291	3	8.01
626	276	3	20.21
14	131	228	11.95
970	2815	3	43.21
141	112	15	7.83
213	124	6	7.67
108	775	5	12.2
116	125	24	15.95
269	2481	3	34.02
866	101	7	11.01
1151	1134	7	115.7
422	141	3	8.5
1210	107	4	11.73
2335	107	3	15.62
371	129	4	9.9
150	3121	3	26.92
12	1019	6	24.42
542	1314	3	31.35
101	567	10	14.44
1209	102	5	11.2
12	1002	6	24.42
220	102	17	11.05
583	110	4	7.24
101	2818	3	9.34
2750	211	3	31.61
530	120	4	9.53
178	112	18	34.09
290	196	3	10.9
124	294	5	8.78
123	956	9	62.84
378	222	3	14.35
122	143	22	34.68
335	190	3	11.87
359	58	4	8.3
112	145	21	22.46
740	121	3	8.12
185	102	23	12.91
253	179	4	13.57
128	1656	3	15.78
597	130	4	13.72
497	120	4	9.05
3079	106	3	15.43
1125	135	3	13.4
140	377	4	12.43
2254	549	4	53.19
130	509	3	7.31
304	104	8	6.67
108	2141	4	21.18
1703	865	3	35.72
287	557	3	19.62
198	274	3	10.64
622	121	4	11.86
2953	101	3	9.34
101	208	23	10.35
101	156	104	327.96
106	434	6	9.23
12	673	6	17.3
210	132	5	7.11
1530	12	3	10.09
210	200	3	8.36
2263	451	4	51.03
101	2953	3	9.34
161	159	5	9.02
205	292	5	24.49
104	1968	3	9.51
149	14	122	21.57
737	740	5	55.7
408	135	8	36.23
2760	189	3	30.26
1320	999	3	35.77
2001	108	4	21.18
398	107	16	58.68
330	181	4	17.03
687	812	4	42.72
120	388	6	15.39
105	1097	5	13.8
1611	103	3	6.75
172	178	4	7.81
102	2803	3	11.35
308	231	4	20.53
1323	276	3	25.9
116	9	4	15.5
21	1157	4	14.38
129	164	10	15.05
2900	101	3	9.34
489	1895	4	52.04
843	57	3	7.64
126	769	3	9.5
106	1703	4	15.73
57	384	11	41.32
1134	2466	3	45.11
796	149	3	14.46
251	128	10	31.42
700	520	7	77.48
222	14	50	8.81
2138	115	4	26.14
107	1210	4	11.73
1881	1882	4	70.59
135	449	3	7.83
217	1110	8	85.78
865	501	4	38.6
689	2	3	8.42
159	114	11	9.64
129	494	3	7.24
133	907	5	26.27
404	138	3	7.85
117	1152	3	10.48
709	464	3	24.98
141	1934	4	33.18
666	107	8	25.14
105	2558	3	14.28
1449	111	3	9.86
499	102	7	6.72
276	12	23	84.19
102	110	121	14.64
108	1183	3	6.91
387	101	12	11.82
104	2007	3	9.51
576	57	4	9.79
408	132	21	161.53
106	880	4	8.06
107	282	11	18.07
246	14	41	7.22
163	1502	6	56.13
700	149	8	55.85
1314	12	4	14.71
222	361	6	37.49
104	635	5	7.37
767	3085	3	41.78
477	125	6	22.38
821	113	3	7.66
108	412	6	8.85
627	125	4	13.65
878	109	4	8.78
477	381	5	41.37
176	2837	3	29.08
2767	444	3	38.1
114	1270	3	10.26
58	109	42	23.73
661	272	3	20.21
21	1408	3	9.71
1329	105	4	11.79
247	194	5	21.09
2065	153	4	35.93
222	110	9	9.08
104	1060	4	8.16
205	1319	3	22.77
1102	470	8	105.36
1703	106	4	15.73
125	14	257	24.02
2112	497	4	52.04
119	1792	3	13.21
348	104	8	9.06
149	361	5	20.15
106	8	4	8.06
111	1264	3	8.72
102	14	1413	9.72
102	170	45	67.72
106	2472	3	15.43
2876	101	3	9.34
21	127	36	29.15
3081	552	3	39.66
2019	460	4	51.52
12	355	8	15.75
873	219	10	107.66
205	888	4	29.17
101	475	9	7.35
121	370	6	15.2
921	2241	4	58.23
1426	108	5	21.22
247	1975	3	28.71
115	144	20	22.58
1443	436	3	29.79
105	146	23	6.89
472	108	5	7.12
108	755	6	17.36
679	12	5	12.23
12	1833	4	22.09
569	12	7	20.19
378	116	8	24.06
434	105	7	10.66
211	101	24	15.56
2504	298	3	34.76
8	105	5	10.91
192	103	17	10.69
112	210	7	6.82
116	2787	3	19.71
217	131	7	13.96
135	795	3	11.21
328	101	16	18.59
257	113	6	8.1
104	294	14	24.44
3083	101	3	9.34
812	12	4	9.41
179	135	9	18.42
304	106	8	9.86
2007	104	3	9.51
2931	102	3	11.35
12	811	10	55.31
121	184	8	8.71
210	135	10	29.92
1955	1622	4	65.59
2193	106	4	20.57
918	123	9	62.84
161	172	4	6.65
124	545	5	16.37
228	185	3	8.14
256	156	3	7.06
107	643	10	38.56
167	201	4	9.28
101	219	19	7
3044	2213	3	50.17
120	1000	3	9.76
133	311	5	12.83
1692	537	3	32.5
286	113	7	12.72
266	341	3	15.82
3077	2240	3	50.17
106	538	8	21.56
194	647	3	16.62
439	205	6	38.88
107	746	6	16.86
106	1225	5	17.66
130	2711	3	22.49
341	266	3	15.82
126	248	9	24.6
109	2973	3	16.04
2838	558	3	39.66
2884	110	3	17.1
1140	119	4	17.06
108	2305	3	15.88
119	1369	5	27.67
109	311	9	15.09
2969	107	3	15.62
848	121	3	8.73
1504	1250	6	95.28
1037	103	4	7.21
776	108	11	58.35
1971	104	3	9.51
539	133	6	26.38
3088	1482	3	46.35
122	159	10	10.22
267	104	9	6.63
111	1094	3	7.8
101	502	9	8.32
2712	108	3	15.88
104	1214	4	9.47
163	1721	5	46.72
1460	130	4	22.46
150	111	14	8.98
342	124	4	7.19
422	154	3	10.7
1652	103	3	6.75
499	156	3	11.92
299	169	6	27.58
2806	101	3	9.34
1813	107	4	15.98
215	109	12	14.15
484	428	3	21.96
108	1426	5	21.22
108	1603	3	9.45
1529	106	3	9.01
477	1135	6	73.21
432	189	3	13.57
846	104	5	10.2
108	205	22	45.19
410	2138	3	32.95
2868	118	3	19.74
169	21	17	22.83
1928	494	4	52.04
169	158	6	13.64
700	492	4	36.79
119	1955	4	26.39
108	2767	3	15.88
1513	107	6	31.26
104	786	5	9.11
108	513	5	8.22
128	1567	4	24.95
2050	110	4	22.8
272	257	6	35.99
189	687	3	17.47
110	638	5	12.14
105	1017	4	8.73
1111	108	6	23.08
119	679	3	6.97
167	802	10	94.89
131	853	5	25.43
326	530	3	20.45
159	262	3	7.67
1473	106	3	7.58
139	110	24	16.27
109	878	4	8.78
756	161	11	103.76
375	111	6	11.12
1934	141	4	33.18
771	101	7	9.28
135	358	11	55.08
102	1471	5	13.84
125	276	13	50.36
1593	107	4	15.98
700	371	3	23.68
106	2112	4	20.57
102	192	20	10.19
856	150	3	14.86
21	157	25	42.47
107	2646	3	15.62
21	308	28	157.98
106	2514	3	15.43
1090	115	4	15.36
128	304	4	7.59
147	14	135	17
147	170	5	7.34
147	306	3	7.07
119	688	3	6.97
3143	105	3	14.28
107	109	85	21.98
106	1021	4	10.12
104	2049	3	9.51
143	507	7	35.92
2573	180	3	29.24
615	103	7	12.63
408	107	21	109.8
760	112	3	6.73
1102	121	5	23.77
231	2246	4	43.59
496	106	6	10.54
58	384	6	18.38
109	698	7	21.87
117	14	367	30.38
1135	477	6	73.21
865	128	7	40.34
126	173	7	7.26
865	2431	3	42.45
456	999	3	27.88
122	484	5	14.73
391	116	4	6.79
2043	103	3	8.74
1567	865	3	35.72
2780	600	3	40.12
3018	327	3	35.83
110	327	6	8.11
105	434	7	10.66
106	2815	3	15.43
161	190	4	8.27
1120	101	6	10.64
1245	125	4	19.82
454	108	6	10.63
101	123	84	6.72
167	310	4	15.14
123	671	4	14.78
103	1780	3	6.75
228	207	46	527.77
103	1696	3	6.75
355	1017	7	80.7
150	57	20	30.93
577	110	9	33.72
602	134	4	14.43
608	116	4	10.29
2797	494	3	38.83
436	164	6	32.79
297	103	12	14.56
106	1430	3	7.58
1263	111	3	8.72
119	1315	3	11.7
102	1977	3	7.18
109	380	9	19.38
166	184	4	7.92
1151	518	6	74.11
14	104	980	69.53
701	116	3	6.9
1313	272	3	25.9
155	244	3	6.95
136	162	8	11.93
252	101	16	7.38
1468	2938	3	46.35
865	2219	3	37.95
104	351	10	15.56
144	353	3	7.42
276	627	3	20.21
102	684	9	21.56
2787	116	3	19.71
901	101	6	8.66
2245	101	4	12.46
1342	106	3	7.58
880	106	4	8.06
733	12	4	8.58
121	106	41	9.29
286	155	5	18.37
102	2275	3	7.18
12	810	4	9.41
489	12	5	8.58
116	1273	5	24.65
121	312	6	12.96
327	3018	3	35.83
1148	123	5	26.6
120	915	3	8.96
392	163	5	23.45
119	272	9	21.52
639	127	3	8.49
145	136	12	17.12
970	180	3	17.87
508	129	3	7.24
107	2110	4	20.83
341	2	11	45.25
1356	131	3	14.37
185	364	24	245.83
111	2521	3	17.86
812	120	5	19.84
263	189	5	21.68
1457	128	4	22.36
669	205	6	45.87
2	115	25	14.67
1369	102	4	8.15
1146	12	6	27.54
111	117	50	39.25
1340	116	3	11.62
473	131	4	11.66
58	437	5	14.93
352	124	4	7.19
108	547	5	8.85
116	859	3	8.02
838	131	3	10.65
219	127	10	25.26
114	58	30	25.91
128	318	7	21.92
172	109	29	54.67
205	14	58	10.22
2141	108	4	21.18
2816	106	3	15.43
1101	12	3	6.63
123	205	21	73.69
183	3111	3	29.56
106	1004	4	10.12
2246	218	4	42.55
102	379	16	34.64
856	106	4	8.06
123	513	5	15.65
118	177	9	8.39
2245	604	4	53.84
311	133	5	12.83
538	1342	4	45.56
102	227	14	6.91
120	256	6	8.91
105	704	5	8.86
127	763	11	81.1
870	121	3	8.73
121	870	3	8.73
1293	109	4	12.25
689	162	3	14.64
2219	318	3	31.11
12	1314	4	14.71
222	188	3	8.16
57	216	10	17.28
581	104	5	6.66
102	1456	4	8.15
1612	155	5	46.2
2724	123	3	20.89
224	168	3	6.84
2240	133	3	18.6
220	295	3	12.33
12	999	7	32.79
110	500	5	9.34
101	2685	3	9.34
171	148	5	7.86
110	560	9	31.9
602	288	3	20.08
127	314	4	7.39
110	424	5	7.8
130	1401	3	14.32
128	2182	3	17.96
317	178	3	10.4
12	2335	3	16.56
873	127	10	73.69
2843	107	3	15.62
118	693	4	11.66
281	21	8	12.96
106	105	129	47.45
104	1183	4	9.47
119	1146	3	10.53
514	2001	4	52.6
101	1304	6	13.43
679	119	3	6.97
1228	110	3	8.01
453	123	7	25.45
116	361	10	34.32
12	1894	3	12.19
2674	119	3	19.79
1769	149	3	19.83
772	137	5	25.48
109	191	26	56.84
160	205	6	18.49
2137	154	4	36.37
113	315	5	7.48
125	9	3	11.59
1273	116	5	24.65
493	101	11	15.05
457	2	5	15.17
12	2524	3	16.56
163	1944	3	23.49
257	1575	4	40.02
123	729	4	13.88
2646	124	3	20.89
131	158	10	14.38
354	107	8	12.95
116	1122	3	9.5
12	8	6	20.21
2414	2498	3	54.67
102	2218	3	7.18
148	413	3	9.54
133	139	14	18.12
1538	2347	3	47.94
110	14	548	7.49
2249	108	4	21.18
1001	12	5	17.42
615	211	3	17.17
936	538	3	28.21
101	712	7	7.87
131	671	3	10.65
153	2782	3	26.92
138	122	13	8.08
125	1135	4	19.82
107	266	26	95.06
135	1417	3	15.59
102	440	10	14.51
1044	2242	4	59.5
2596	325	3	35.83
103	2697	3	12.99
176	243	6	24.78
2	225	14	44.96
843	110	10	57.11
106	1833	3	11.09
107	1417	6	31.26
119	2064	4	26.39
414	280	3	17.57
106	2090	3	11.09
57	209	7	7.04
1314	542	3	31.35
825	12	5	14.41
111	375	6	11.12
312	106	8	10.34
1837	1882	4	70.59
1955	118	4	26.33
105	1911	3	9.97
180	107	14	9.38
1031	145	8	67.51
251	2765	3	33.36
3086	101	3	9.34
12	1132	6	27.54
129	371	4	9.9
141	713	6	33.4
109	1722	5	26.74
219	392	3	14.51
818	109	7	25.67
209	107	55	289.99
102	2927	3	11.35
12	439	9	24.78
2862	959	3	43.21
2395	108	3	15.88
1449	115	3	11.51
101	892	7	13.22
106	676	9	33.32
118	236	27	121.87
102	57	90	15.4
102	230	15	9.3
306	146	4	11.31
1221	102	5	11.2
162	57	14	17.18
973	123	8	49.62
110	1089	3	7.11
105	626	5	8.03
356	1062	4	38.26
209	253	3	10.46
132	112	54	112.87
875	101	10	31.17
126	1643	4	24.37
326	208	3	12.48
101	951	7	13.22
101	875	10	31.17
1198	107	5	17.97
177	485	3	13.46
1622	1955	4	65.59
102	1474	4	8.15
57	162	14	17.18
1233	107	3	6.67
103	2905	3	12.99
1	885	3	9.09
2219	106	3	11.09
661	108	6	14.87
129	590	6	26.16
247	161	3	7.27
273	102	11	6.81
108	597	5	9.55
463	3025	3	38.45
117	111	50	39.25
103	498	6	7.26
796	116	4	13.28
125	381	5	13.4
135	301	6	18.16
547	141	3	10.23
156	101	104	327.96
2	341	11	45.25
180	2815	3	29.24
2138	410	3	32.95
102	381	16	34.64
138	136	13	17.66
119	798	3	8.1
101	697	8	11.55
123	101	84	6.72
261	107	8	7.49
1090	123	3	10.62
951	288	3	23.14
12	335	6	7.66
742	447	3	25.23
124	2250	4	27.87
193	2347	3	30.55
106	2300	3	15.43
167	14	92	16.24
346	163	3	10.04
101	188	27	13.34
110	3140	3	17.1
1891	108	3	11.53
327	110	6	8.11
216	133	5	7.72
2765	119	3	19.79
105	541	6	10.13
1504	103	4	10.18
210	109	20	41.73
845	131	3	10.65
109	58	42	23.73
109	228	9	7.96
552	3081	3	39.66
141	547	3	10.23
848	107	4	8.29
108	906	4	9.55
468	2940	3	38.45
2138	1090	4	59.5
270	148	4	10.79
440	102	10	14.51
684	102	9	21.56
126	546	3	7.59
2685	161	3	28.03
104	581	5	6.66
2105	154	4	36.37
318	501	4	29.14
342	21	25	148.59
205	2308	3	31.06
105	116	62	20.26
314	127	4	7.39
110	577	9	33.72
120	814	8	43.54
184	169	7	22.43
161	2685	3	28.03
106	148	19	7.94
1089	110	3	7.11
1053	128	3	12.07
157	198	4	8.37
107	1017	4	10.35
105	1265	4	10.06
130	418	5	15.74
109	169	13	7.12
163	2572	3	27.97
112	558	4	8.8
104	128	61	47.77
164	436	6	32.79
2137	115	4	26.14
221	14	50	8.81
217	177	3	7.01
508	104	6	7.86
126	1438	3	13.82
1681	119	3	13.21
123	739	4	13.88
101	110	166	19.6
131	128	14	9.35
119	314	5	8.14
518	1151	6	74.11
1006	110	4	12.19
356	103	8	8.6
667	107	6	14.38
1057	331	3	25.51
206	2774	3	31.06
116	1355	3	13.13
101	2651	3	9.34
1270	114	3	10.26
141	1586	5	41.51
1062	906	3	32.63
104	1305	6	22.08
3116	108	3	15.88
245	110	8	9.09
124	342	4	7.19
230	2856	3	32.63
150	14	112	9.52
131	1356	3	14.37
2838	106	3	15.43
169	680	3	15.36
142	1091	3	14.59
381	125	5	13.4
2105	127	4	29.38
14	129	235	17.74
115	1437	3	11.51
141	21	19	10.85
643	103	10	30.05
213	58	8	15.8
787	125	3	9.44
237	983	3	21.36
139	805	4	19.48
364	107	24	125.57
1703	318	3	28.88
155	648	5	29.03
169	171	6	15.52
113	965	3	8.34
263	2290	4	45.24
1229	2776	3	45.11
108	220	13	17.05
362	177	3	11.32
195	111	14	21.91
128	6	5	32.04
58	266	5	8.74
1221	225	3	22.83
128	490	3	7.24
171	631	3	14.83
2750	615	3	40.12
432	280	3	17.57
724	109	4	7.25
947	160	4	25.06
1303	107	7	36.48
101	874	10	31.17
1813	105	4	14.23
177	362	3	11.32
110	2240	3	12.72
138	213	5	9.66
107	180	14	9.38
115	2138	4	26.14
194	283	3	10.63
408	178	3	12.14
101	821	9	22.02
123	226	11	27.92
951	106	9	46.34
172	135	9	17.04
510	227	3	16.77
147	57	66	251.35
108	518	6	12.08
117	57	26	7.16
3139	123	3	20.89
111	145	16	7.4
832	129	3	10.53
236	2776	3	32.77
2	322	5	11.07
644	116	4	10.92
288	165	3	8.54
2957	107	3	15.62
325	150	3	8.62
186	219	3	7.65
865	101	8	15.87
627	276	3	20.21
154	2105	4	36.37
145	2559	3	25.22
176	57	11	12.42
2	102	68	15.69
1243	122	3	11.41
123	1543	3	14.28
441	379	5	40.07
1146	119	3	10.53
1101	236	3	22.22
840	2243	4	57.13
222	1273	4	33.18
149	102	41	26.17
101	771	7	9.28
261	200	3	10.41
2077	102	3	7.18
102	499	7	6.72
107	135	26	8.92
470	121	6	18.88
101	2509	3	9.34
128	131	14	9.35
306	180	4	15.86
21	190	10	8.73
102	2974	3	11.35
123	393	10	40.27
143	335	7	28.93
118	312	8	20.15
132	278	6	15.29
499	306	3	19.4
406	2048	4	50.14
911	102	9	34.07
204	144	9	26.72
736	128	10	75.01
1634	115	3	13.02
397	128	4	9.9
123	1365	6	41.84
1471	108	3	8
1021	106	4	10.12
103	126	106	152.55
623	133	9	53.52
421	2244	4	50.57
105	1990	3	9.97
1839	105	3	9.97
104	2263	4	18.4
58	165	8	7.73
116	621	4	10.92
394	2868	3	37.14
2431	865	3	42.45
129	492	4	11.97
108	101	321	225.35
492	700	4	36.79
2782	347	3	36.32
468	351	3	20.17
1629	103	4	12.57
122	141	14	11.3
1417	107	6	31.26
549	2254	4	53.19
164	129	10	15.05
112	147	13	7.06
108	815	6	18.91
497	122	4	9.92
14	117	367	30.38
1161	12	3	7.52
14	234	44	7.75
12	1004	7	32.79
121	433	4	8.75
121	477	5	14.35
124	3093	3	20.89
2949	12	3	16.56
109	1287	3	7.05
105	211	13	10.65
602	106	9	28.88
2299	12	3	16.56
110	483	13	56.22
1165	21	7	41.37
150	141	7	8.89
301	140	5	14.81
106	121	41	9.29
379	1720	5	61.92
2646	351	3	36.32
518	1134	6	74.11
178	360	3	11.32
426	165	3	11.5
2155	109	3	11.68
266	115	6	9.11
189	280	3	10.36
161	157	16	64.27
120	959	3	8.96
918	115	5	20.63
381	1135	3	27.31
207	108	24	53.91
1134	108	4	12.06
1850	2341	3	50.17
116	442	4	7.87
1030	120	8	53.41
419	161	4	17.7
122	473	4	9.46
611	124	5	17.16
106	1247	4	11.49
981	21	3	6.89
2848	102	3	11.35
257	14	38	6.69
694	119	4	11.72
2045	120	4	26.66
298	2466	3	34.76
1876	103	3	8.74
363	165	3	10.4
12	796	4	9.41
21	907	9	53.23
266	21	7	8.99
674	124	3	7.95
1002	453	3	27.88
12	625	11	49.96
133	140	15	22.17
118	2335	3	19.74
110	245	8	9.09
161	231	3	6.77
579	1720	5	67.76
228	14	46	8.1
205	669	6	45.87
149	687	7	47.77
1016	12	3	6.63
104	1258	5	15.05
106	304	8	9.86
1152	117	3	10.48
230	595	5	36.43
184	141	7	14.28
127	109	40	23.54
171	147	24	110.94
109	1293	4	12.25
185	228	3	8.14
766	107	11	57.37
130	129	14	9.2
14	164	93	6.89
252	110	7	6.75
136	12	28	17.24
2160	1	3	16.43
112	344	5	8.28
1955	119	4	26.39
160	973	5	34.43
847	108	8	32.69
202	776	11	114.69
58	122	17	6.64
319	248	3	14.33
965	456	3	27.01
1258	104	5	15.05
116	755	5	18.17
418	130	5	15.74
1401	130	3	14.32
201	352	3	12.75
2507	257	3	33.68
136	609	3	9.69
288	602	3	20.08
57	210	12	24
146	118	13	8.51
57	150	20	30.93
211	697	4	27.03
538	406	4	32.78
108	3044	3	15.88
107	1162	3	6.67
1837	1881	4	70.59
133	2240	3	18.6
106	677	5	10.53
455	167	3	12.28
102	185	23	12.91
2905	103	3	12.99
102	289	14	15.03
114	440	5	11.73
432	110	11	36.37
105	845	5	10.91
572	12	5	10.54
209	161	4	9.69
173	132	28	112.38
449	198	3	14.36
537	115	5	13.66
12	542	12	51.79
386	1105	6	66.25
398	117	4	6.83
1944	123	4	27.87
114	57	29	9.99
101	2431	3	9.34
120	520	5	14.26
172	250	3	8.01
12	119	48	22.35
272	123	6	11.56
1062	102	6	14.36
2303	1151	3	45.11
205	160	6	18.49
158	131	10	14.38
1297	101	7	21.81
746	121	3	8.12
194	238	4	14.64
102	441	15	38.58
176	244	9	45.26
737	1886	4	56.17
659	432	3	23.75
103	582	6	8.82
1722	216	5	53.29
810	12	4	9.41
1097	102	7	20.79
878	122	3	8.95
237	225	3	10.81
129	288	4	6.91
111	195	14	21.91
1618	130	5	37.53
2940	468	3	38.45
169	377	3	11.23
111	271	6	6.7
113	661	4	10.43
843	153	10	90.38
233	1612	5	54.61
129	283	4	6.71
496	105	10	25.98
965	113	3	8.34
109	803	10	53.55
315	113	5	7.48
803	121	10	68.46
2303	1134	3	45.11
172	265	4	13.96
1039	107	4	10.35
2088	107	3	11.27
1230	125	3	12.56
147	112	13	7.06
132	363	4	9.72
119	694	4	11.72
527	348	3	20.94
246	126	5	8.11
158	184	4	7.35
520	280	4	28.04
1568	128	5	37.4
2401	1	3	20.87
131	838	3	10.65
149	189	10	34.08
102	278	12	8.46
355	108	9	18.15
118	284	16	60.12
227	102	14	6.91
101	876	10	31.17
21	171	16	19.84
105	798	4	6.75
153	136	7	7.09
647	127	13	95.95
153	347	3	9.07
101	2219	4	12.46
523	109	8	21.77
58	136	25	42.6
111	527	4	7.08
2976	106	3	15.43
116	2614	3	19.71
1513	373	6	74.03
222	189	3	8.16
156	502	8	50.35
369	280	3	16.42
109	2155	3	11.68
57	237	9	16.24
2182	128	3	17.96
309	157	4	13.99
1412	102	4	8.15
1526	106	4	15.73
1631	161	5	46.83
297	108	24	92.88
141	115	15	9.85
108	703	4	7.08
136	147	10	12.96
112	178	18	34.09
1824	180	5	48.86
490	113	4	8.26
119	1130	4	17.06
287	194	3	10.8
125	850	3	10.06
122	58	17	6.64
231	152	4	9.72
205	1023	5	41.39
110	2884	3	17.1
106	318	8	10.84
439	528	3	22.69
150	58	13	18.6
706	103	5	7.07
1225	865	3	32.9
144	510	3	9.68
105	234	11	9.32
109	1244	4	12.25
171	12	39	105.87
133	483	15	103.86
121	470	6	18.88
21	680	11	58.32
107	2146	4	20.83
148	205	4	7.34
680	161	4	22.29
371	149	5	21.09
2697	102	3	11.35
723	104	6	12.24
102	2234	3	7.18
321	275	3	15.29
275	121	6	10.85
3089	1116	3	44.08
454	103	7	8.95
105	2848	3	14.28
1450	113	3	11.23
475	101	9	7.35
604	124	3	7.03
158	625	3	13.81
2651	101	3	9.34
2594	118	3	19.74
119	1563	3	13.21
919	115	3	8.6
110	1538	3	10.61
218	2246	4	42.55
105	1251	4	10.06
151	216	6	17.65
410	123	9	34.89
116	461	10	43.36
126	1123	3	11.65
2712	103	3	12.99
2815	180	3	29.24
1091	142	3	14.59
908	12	4	10.38
635	3080	3	40.62
105	108	96	14.72
224	133	5	8.05
399	106	6	7.62
154	422	3	10.7
738	312	3	22.53
353	111	7	13.94
130	108	32	12.22
116	280	8	17.51
643	104	5	7.37
960	3093	3	43.21
253	133	5	9.82
395	101	11	8.98
1334	21	6	35.45
831	118	4	13.32
101	1259	5	8.15
131	1355	3	15.91
102	1994	3	7.18
175	114	10	9.96
546	124	4	11.15
700	812	3	28.97
1882	1881	4	70.59
104	279	13	19.08
106	1362	4	13.25
113	129	19	7.67
103	953	5	10.27
1807	224	5	53.71
185	2884	3	29.73
140	342	3	7.15
1543	123	3	14.28
120	1823	5	33.34
263	110	17	48.56
812	149	4	22.06
669	123	7	32.84
1274	142	3	15.58
114	836	4	13.02
2082	12	3	12.19
110	139	24	16.27
2213	108	4	21.18
1830	1151	4	61.03
206	2773	3	31.06
119	2901	3	19.79
131	338	10	42.47
123	738	5	20.06
426	213	4	22.68
157	510	3	11.98
103	1713	3	6.75
188	222	3	8.16
178	408	3	12.14
108	1288	3	6.91
531	121	6	20.5
102	2697	3	11.35
128	118	22	14.63
12	150	16	8.76
147	113	13	8.05
219	101	19	7
6	1568	3	39.62
110	784	6	19.66
173	568	3	14.04
282	186	3	9.94
158	161	5	8.77
9	123	3	10.62
829	108	4	8.6
119	749	6	24.84
115	2137	4	26.14
119	613	6	21.1
1248	104	4	9.47
2233	119	3	15.36
177	111	19	32.17
307	172	3	9.85
135	179	9	18.42
135	122	15	9.97
104	712	5	8.18
104	788	5	9.11
700	12	5	12.23
491	153	3	11.39
923	102	5	7.86
139	548	3	9.93
1608	121	3	13.88
12	1531	4	17.22
344	112	5	8.28
109	818	7	25.67
473	105	6	7.98
585	127	3	8.04
940	101	7	13.22
129	508	3	7.24
661	116	8	35.71
152	2	21	46.5
58	213	8	15.8
456	12	14	58.97
107	1196	5	17.97
1134	2303	3	45.11
125	155	8	7.45
112	760	3	6.73
294	126	5	10.32
258	123	6	10.66
104	968	4	7.09
102	207	48	132.65
102	155	42	41.54
454	1062	4	40.44
106	647	13	67
105	2604	3	14.28
104	1658	3	7.49
205	456	4	22.56
2803	105	3	14.28
21	124	39	25.87
320	101	12	6.72
404	58	4	9.32
2243	101	4	12.46
118	107	44	9.24
153	3119	3	26.92
119	1019	5	22.65
114	499	4	8.49
105	661	5	8.03
12	569	7	20.19
501	128	5	17.37
278	132	6	15.29
134	102	47	6.9
105	2109	3	9.97
120	1468	3	11.89
1151	1043	7	109.67
494	1928	4	52.04
1603	108	3	9.45
2127	102	3	7.18
899	106	4	9
467	115	4	8.15
108	102	200	86.27
128	1225	3	13.05
106	1960	4	20.57
2775	206	3	31.06
104	1054	4	8.16
122	834	4	14.56
125	160	25	78.01
312	118	8	20.15
103	277	16	25.78
111	353	7	13.94
106	1824	5	25.72
2131	103	3	8.74
57	455	6	16.68
191	210	5	18.06
111	249	13	29.96
108	426	15	57.88
154	2106	4	36.37
145	2560	3	25.22
114	159	11	9.64
133	654	3	9.44
105	1018	4	8.73
120	391	15	73.39
1470	128	6	44.9
991	111	3	7.03
172	122	9	9.68
101	718	7	7.87
1045	103	4	7.21
1101	118	3	9.53
57	1148	3	10.06
194	287	3	10.8
102	362	14	23.69
107	272	11	17.45
158	210	4	9.52
302	124	5	9.07
174	240	6	23.9
108	1830	4	21.18
12	825	5	14.41
1830	1134	4	61.03
109	1422	5	21.48
117	2067	3	15.32
161	158	5	8.77
161	21	37	99.57
957	560	9	124.04
107	856	4	8.29
102	923	5	7.86
106	477	7	14.57
101	257	19	15.55
135	645	4	16.04
103	1045	4	7.21
113	286	7	12.72
1779	104	3	7.49
211	565	4	24.94
106	1313	4	13.25
1380	104	4	11.19
537	1692	3	32.5
391	145	4	13.32
140	58	12	9.34
1167	2594	3	45.11
787	113	3	7.07
2780	107	3	15.62
253	178	3	8.35
793	401	11	141.36
14	116	371	37.75
109	473	10	29.95
102	2097	3	7.18
125	820	3	10.06
434	106	6	9.23
104	366	8	9.65
164	198	4	8.94
57	843	3	7.64
106	1567	3	9.01
8	106	4	8.06
1658	104	3	7.49
290	133	5	11.59
1072	108	8	42.41
2347	1538	3	47.94
107	959	4	9.23
106	177	22	28.54
360	144	3	7.65
1894	12	3	12.19
691	102	9	21.56
281	115	12	36.18
101	409	11	9.95
2856	230	3	32.63
102	2547	3	11.35
1943	320	4	47.62
134	681	3	9.94
1287	109	3	7.05
708	107	4	6.78
931	21	3	6.89
120	704	3	7.14
1108	1650	3	37.36
243	176	6	24.78
493	875	10	135.11
2735	103	3	12.99
146	105	23	6.89
112	766	3	6.73
1004	276	3	23.64
241	109	41	212
312	121	6	12.96
125	169	7	6.9
169	206	4	10.1
420	118	4	7.52
103	192	17	10.69
107	1298	7	36.48
152	282	4	11.84
292	205	5	24.49
1732	102	4	10.46
116	687	10	59.25
2466	1151	3	45.11
101	2252	4	12.46
973	205	6	51.01
326	296	3	16.06
101	1026	6	10.64
112	2112	4	25.25
118	167	11	11.28
106	745	4	7.26
2141	489	4	52.04
641	125	4	13.65
158	403	4	16.8
191	1240	7	71.05
246	501	3	17.47
3127	2272	3	50.17
383	103	9	12.41
428	224	3	15.35
372	313	24	310.83
177	217	3	7.01
105	2297	3	14.28
746	107	6	16.86
138	109	24	10.8
558	1508	6	80.83
101	2507	3	9.34
1003	12	4	11.52
259	163	4	12.6
161	756	11	103.76
114	14	377	19.12
114	306	11	33.77
161	680	4	22.29
120	452	4	8.6
172	117	13	18.48
58	359	4	8.3
103	2750	3	12.99
101	2049	4	12.46
629	101	8	9.97
119	2047	3	15.36
1805	303	5	58.61
108	1077	4	10.68
217	200	4	13.69
108	2341	3	15.88
118	1622	5	32.93
242	209	5	22.21
144	122	19	25.36
1122	111	3	7.8
203	111	9	8.68
131	123	15	6.76
106	542	7	16.56
426	108	15	57.88
101	264	17	13.02
3071	107	3	15.62
12	812	4	9.41
845	105	5	10.91
321	112	6	10.7
121	118	138	523.49
161	247	3	7.27
2249	224	4	42.88
180	1824	5	48.86
115	322	5	8.51
12	1014	4	12.92
1043	1134	7	109.67
101	2806	3	9.34
957	111	3	7.03
178	172	4	7.81
276	673	4	30.49
101	518	9	9.43
106	288	8	8.58
2261	719	4	55.31
617	268	6	49.51
434	12	18	92.07
112	253	7	9.97
106	1463	3	7.58
112	149	13	8.84
8	12	6	20.21
118	1954	4	26.33
192	104	15	9.39
112	209	15	33.98
149	1769	3	19.83
297	196	4	17.14
185	112	27	80.27
110	1202	3	8.01
503	2961	3	38.83
112	107	64	29.51
2252	101	4	12.46
157	1595	3	20.85
101	1120	6	10.64
280	171	3	8.93
180	2573	3	29.24
122	112	29	14.49
107	1821	3	9.19
155	125	8	7.45
181	508	3	13.84
111	916	4	11.98
848	2843	3	42.45
1804	610	5	67.76
130	302	4	7.44
738	12	6	18.64
238	111	27	106.8
453	205	6	39.65
121	1301	3	11.18
148	1470	3	18.07
225	237	3	10.81
185	207	3	6.88
116	189	20	54.65
213	57	11	20.97
271	111	6	6.7
105	104	182	86.04
219	873	10	107.66
2974	102	3	11.35
120	797	4	13.63
123	2160	3	16.45
483	110	13	56.22
121	538	5	15.72
1043	1151	7	109.67
1720	108	3	9.45
224	335	4	20.76
245	101	18	10.76
106	131	33	11.39
1588	105	3	7.94
1090	2138	4	59.5
102	655	7	10.51
373	109	6	7.67
1482	3088	3	46.35
267	1522	6	68.58
12	2299	3	16.56
107	881	4	8.29
234	103	13	10.49
137	356	4	11.73
494	2797	3	38.83
836	114	4	13.02
275	107	8	8.19
123	741	3	8.5
2499	2414	3	54.67
2765	251	3	33.36
3071	3072	3	54.67
631	133	3	9.44
356	108	7	11.16
123	2595	3	20.89
210	122	7	9.97
1342	538	4	45.56
230	102	15	9.3
160	123	9	8.43
130	556	6	25.29
109	159	23	27.23
440	114	5	11.73
251	736	10	113.16
755	105	5	9.81
257	125	6	12.39
113	272	7	12.35
2900	156	3	27.48
1608	118	3	13.16
224	1807	5	53.71
129	318	5	12.22
235	702	3	19.34
1080	109	8	42.82
117	58	21	9.41
999	205	4	30.43
103	551	7	11.55
222	461	3	16.26
2817	106	3	15.43
815	102	5	6.69
158	12	18	15.73
12	147	95	376.28
351	124	5	11.07
951	105	4	7.65
105	1068	5	13.8
772	2100	4	56.17
2427	101	3	9.34
147	58	79	410.39
134	258	13	52.7
107	2780	3	15.62
21	291	28	142.88
148	702	3	13.04
121	1098	3	10.22
115	816	3	7.92
110	1044	3	7.11
173	167	4	7.02
2466	1134	3	45.11
438	111	10	34.31
149	461	5	23.95
102	1489	4	8.15
1212	295	7	82.08
456	106	12	39.86
136	640	3	10.16
136	843	3	11.87
2817	493	3	38.83
689	199	3	17.35
116	702	4	11.62
1135	105	5	15.82
142	397	3	8.08
774	106	5	11.51
520	189	6	39.76
1319	12	3	8.64
464	122	4	9.46
128	105	68	73.4
803	118	3	8.05
102	2885	3	11.35
128	251	10	31.42
461	700	3	25.35
127	913	3	10.88
1944	127	4	29.38
582	124	4	11.73
133	623	9	53.52
21	1334	6	35.45
727	143	11	92.46
105	1702	3	7.94
1722	107	5	26.04
105	1822	3	7.94
786	101	7	9.28
109	802	10	53.55
888	12	7	29.41
348	527	3	20.94
251	14	40	7.04
122	878	3	8.95
528	456	3	23.05
2348	128	3	22.41
456	119	4	8.37
103	14	1097	30.93
169	115	27	76.01
102	1412	4	8.15
135	359	9	40.46
1368	1367	6	101.02
182	117	19	44.99
57	12	77	79.12
2951	153	3	26.92
101	1753	4	7.93
1456	102	4	8.15
222	280	5	25.37
2507	101	3	9.34
283	194	3	10.63
139	21	21	13.23
183	1231	5	41.06
21	158	29	58.83
162	58	14	26.02
1240	109	4	12.25
1151	1830	4	61.03
110	1091	3	7.11
2113	497	4	52.04
527	111	4	7.08
455	149	3	10.65
118	269	6	9.34
118	344	7	17.83
205	516	3	15.76
101	941	7	13.22
1485	102	4	8.15
110	583	4	7.24
2411	12	3	16.56
840	108	5	13.35
115	225	13	32.39
2572	163	3	27.97
184	159	7	20.53
2944	101	3	9.34
802	167	10	94.89
1519	109	3	8.15
131	519	3	7.71
1277	107	3	6.67
1941	672	3	36.68
6	2348	3	46.35
136	150	9	12.65
164	103	23	12.11
1024	123	3	10.62
714	914	4	42.96
2294	106	3	15.43
253	209	3	10.46
108	847	8	32.69
2565	130	3	22.49
548	139	3	9.93
141	225	4	7.18
419	133	3	6.88
109	57	73	59.29
263	173	3	8.58
410	115	4	7
1602	120	3	13.4
108	1043	4	10.68
126	294	5	10.32
170	277	3	8.83
298	2504	3	34.76
683	276	3	20.76
508	181	3	13.84
2533	21	3	17.71
103	1781	3	6.75
124	582	4	11.73
144	265	5	14.09
103	1629	4	12.57
133	290	5	11.59
106	2816	3	15.43
116	1340	3	11.62
817	12	4	9.41
101	137	59	14.2
2110	107	4	20.83
120	976	3	8.96
1220	112	3	9.71
161	124	9	8.57
687	116	10	59.25
277	103	16	25.78
448	222	9	70.88
189	263	5	21.68
109	336	7	9.87
1855	21	4	23.62
1691	128	3	15.78
125	887	3	10.77
124	1124	8	55.83
122	380	4	7.6
57	980	3	8.32
170	57	18	34.31
103	774	7	16.89
119	1160	4	17.06
145	391	4	13.32
280	189	3	10.36
126	529	3	7.21
112	132	54	112.87
136	237	5	10.07
112	284	8	15.7
253	107	14	25.22
225	199	3	8.95
14	249	40	7.04
166	118	40	143.69
14	103	1097	30.93
148	171	5	7.86
115	341	6	13.15
494	129	3	7.24
804	116	3	8.02
332	439	3	19.57
114	1059	3	9.31
105	272	33	143.1
276	626	3	20.21
2759	110	3	17.1
2787	117	3	19.74
106	312	8	10.34
157	299	5	19.12
123	1024	3	10.62
1053	123	3	10.62
123	973	8	49.62
157	122	13	17.69
775	108	5	12.2
110	1006	4	12.19
140	1631	5	41.38
2672	104	3	13.8
729	737	3	28.9
1132	12	6	27.54
1280	110	3	8.01
2820	111	3	17.86
3044	108	3	15.88
449	135	3	7.83
891	2316	3	43.21
537	173	3	13.62
856	107	4	8.29
118	121	138	523.49
104	1779	3	7.49
104	1627	3	7.49
835	112	3	7.32
696	103	5	7.07
168	21	66	306.1
102	228	46	175.13
57	147	66	251.35
853	131	5	25.43
581	103	6	8.82
107	1281	3	6.67
882	114	3	7.84
122	850	3	8.95
1355	116	3	13.13
107	1229	3	6.67
312	105	10	13.97
58	117	21	9.41
467	102	8	8.81
283	177	4	14.66
1	896	4	15.79
108	292	7	7.13
12	1313	6	33.15
549	137	3	9.63
2	114	21	7.71
288	129	4	6.91
558	107	6	12.44
111	116	32	7.89
101	786	7	9.28
671	131	3	10.65
177	192	4	9.71
123	258	6	10.66
327	832	3	23.65
125	1245	4	19.82
246	296	3	13.51
106	2209	3	11.09
846	451	4	37.59
133	790	3	10.51
114	175	10	9.96
109	358	7	10.9
913	127	3	10.88
1895	489	4	52.04
2609	101	3	9.34
938	121	3	9.42
280	12	11	21.02
104	601	6	10.18
1147	175	3	19.43
198	368	3	12.91
102	1928	4	15.13
155	130	10	14.24
789	106	4	7.26
322	115	5	8.51
118	831	4	13.32
1044	110	3	7.11
234	14	44	7.75
107	878	10	52.15
566	174	5	29.4
980	176	9	87.95
470	1102	8	105.36
189	432	3	13.57
266	600	3	19.54
107	2261	4	20.83
148	270	4	10.79
109	1519	3	8.15
189	222	3	8.16
377	107	8	14.27
174	217	3	6.88
210	58	6	8.42
702	235	3	19.34
101	252	16	7.38
101	304	14	9.75
123	8	3	9.11
1437	102	5	13.84
9	8	8	120.08
112	497	6	16.77
103	1062	4	7.21
124	1299	3	11.58
166	460	3	12.21
1151	298	7	82.08
116	448	5	12.03
108	1097	6	23.08
129	832	3	10.53
307	107	8	10.74
135	185	11	28.38
2	150	10	9.62
21	1209	3	8.58
1323	119	3	11.7
142	214	5	10.45
1257	102	5	11.2
102	2879	3	11.35
315	104	8	7.09
128	173	7	8
2019	106	4	20.57
110	642	4	7.83
295	248	3	13.51
1809	163	5	46.72
147	122	12	9.79
251	1568	3	26.64
107	113	50	13.05
107	185	27	52.82
177	103	35	53.51
143	428	5	19.79
499	152	3	11.29
102	316	10	7.23
131	902	3	11.37
106	789	4	7.26
1062	454	4	40.44
12	474	7	16.06
21	184	66	356.76
703	130	3	9.42
265	122	7	15.17
818	139	4	19.48
106	2431	3	15.43
1365	123	6	41.84
103	2917	3	12.99
165	363	3	10.4
704	108	4	7.08
163	392	5	23.45
103	300	10	9.47
1612	233	5	54.61
2261	107	4	20.83
492	116	8	29.82
384	58	6	18.38
3120	150	3	26.92
137	2100	4	32.32
397	121	4	7.65
1955	101	4	12.46
58	112	35	33.51
668	116	3	6.9
12	1323	5	22.34
700	461	3	25.35
312	123	9	28.14
456	205	4	22.56
659	110	5	12.14
103	271	13	15.54
107	1303	7	36.48
102	1369	4	8.15
101	1083	6	10.64
123	454	5	14.38
101	1031	8	24.93
514	128	8	38.13
2064	119	4	26.39
57	1619	4	20.81
123	538	10	51.07
106	740	7	22.24
132	135	24	47.36
499	108	5	7.64
870	101	6	7.12
110	1000	4	12.19
173	263	3	8.58
233	3121	3	32.63
147	136	10	12.96
106	2219	3	11.09
21	539	15	88.88
272	107	11	17.45
495	21	6	14.55
12	171	39	105.87
101	656	7	6.7
118	562	6	20.01
520	12	7	17.93
814	120	8	43.54
155	1716	5	46.2
158	144	8	14.02
2815	970	3	43.21
1490	128	5	32.04
323	57	8	20.25
644	139	3	10.83
2	237	5	6.76
146	350	3	7.86
163	123	16	30.36
279	104	13	19.08
2112	106	4	20.57
307	209	3	12.36
102	1267	5	11.2
109	720	5	11.44
214	235	3	10.34
3027	101	3	9.34
568	320	3	20.65
108	356	7	11.16
12	1577	5	27.62
2389	101	3	9.34
122	510	4	9.92
112	408	8	23.77
841	107	5	12.94
104	121	69	35.25
694	101	8	11.55
2637	549	3	39.66
207	14	58	10.22
914	714	4	42.96
109	151	46	100.52
164	2886	3	28.03
248	295	3	13.51
109	330	7	9.4
286	282	3	14.28
1504	126	3	13.82
210	191	5	18.06
110	286	11	22.73
536	214	3	16.53
161	168	7	18.59
587	101	9	12.16
119	320	5	8.45
520	812	4	39.15
2646	107	3	15.62
948	105	5	12.22
143	1109	4	22.47
178	167	4	7.27
206	194	3	7.6
246	865	4	30.96
336	109	7	9.87
1616	124	5	34.85
104	1247	4	9.47
101	471	10	10.22
296	246	3	13.51
1563	119	3	13.21
108	1891	3	11.53
220	108	13	17.05
172	878	4	24.97
171	280	3	8.93
105	142	27	9.97
1116	3089	3	44.08
117	959	3	8.74
155	233	6	20.91
701	160	3	14.64
107	1813	4	15.98
1202	116	3	10.45
211	105	13	10.65
312	738	3	22.53
101	1240	7	21.81
1316	12	3	8.64
124	2646	3	20.89
21	917	3	6.89
12	739	10	48.74
225	1221	3	22.83
108	1818	5	26.48
128	831	4	16.73
272	8	5	43.47
119	3141	3	19.79
277	170	3	8.83
110	163	14	9.9
834	122	4	14.56
101	3087	3	9.34
133	333	4	9.37
119	276	15	53.07
102	1063	5	9.31
300	121	5	8.49
228	109	9	7.96
1283	121	3	11.18
205	679	4	26.29
149	796	3	14.46
1122	116	3	9.5
106	496	6	10.54
112	1220	3	9.71
2772	101	3	9.34
113	169	11	11.43
101	1546	4	7.93
104	105	182	86.04
1150	1017	7	109.67
1043	108	4	10.68
196	297	4	17.14
116	12	66	58.54
14	246	41	7.22
120	2113	4	26.66
1609	111	3	11.34
1553	123	3	14.28
569	123	4	11.73
117	982	3	8.74
119	1368	6	39.62
2560	145	3	25.22
1622	156	4	31.7
124	109	36	9.37
2240	3077	3	50.17
429	143	4	13.91
101	448	10	9.13
205	1016	3	20.53
2469	101	3	9.34
123	918	9	62.84
1563	106	3	9.01
1019	12	6	24.42
130	1621	5	37.53
886	3141	3	42.45
101	901	6	8.66
1429	130	4	22.46
2348	6	3	46.35
1551	12	4	17.22
168	161	7	18.59
527	151	3	11.57
1267	102	5	11.2
619	267	6	49.51
209	307	3	12.36
101	2242	4	12.46
306	311	3	16.01
1062	356	4	38.26
501	318	4	29.14
2250	219	4	42.55
162	136	8	11.93
477	406	3	21.65
590	129	6	26.16
116	812	8	42.8
12	1318	4	14.71
2951	237	3	32.77
57	323	8	20.25
118	1571	5	32.93
294	104	14	24.44
101	1805	5	15.58
441	108	10	28.05
420	110	5	7.8
1128	106	5	17.66
103	146	30	10.94
435	139	3	8.5
1824	970	3	36.48
547	108	5	8.85
1886	737	4	56.17
1825	115	3	13.02
714	305	12	145.02
12	1570	4	17.22
108	439	6	9.99
21	1346	3	9.71
606	1485	3	31.81
114	2	21	7.71
1250	101	6	13.43
1075	112	3	8.78
147	213	6	16.07
3081	101	3	9.34
172	112	18	32.05
671	128	3	10.53
520	120	5	14.26
101	707	8	11.55
138	57	25	31.16
141	1825	4	28.21
168	464	3	12.67
107	112	64	29.51
615	245	3	18.74
358	109	7	10.9
594	187	5	32
192	904	9	91.95
232	171	3	7.36
2	199	6	6.75
108	454	6	10.63
810	205	3	18.92
2241	921	4	58.23
115	1825	3	13.02
365	342	4	27.06
152	499	3	11.29
2117	102	3	7.18
477	108	5	7.64
120	1124	8	53.41
418	1	5	13.25
2004	104	3	9.51
745	108	4	7.79
298	518	6	49.02
910	107	4	9.23
1065	113	3	9.13
1934	145	4	33.65
623	21	11	54.14
102	1415	4	8.15
2848	1097	3	44.08
2787	2067	3	50.17
125	272	14	56.77
528	332	9	88.78
414	432	3	20.91
441	152	3	10.61
57	171	16	26.64
736	251	10	113.16
135	1125	3	13.4
102	136	64	41.44
276	125	13	50.36
2316	891	3	43.21
123	356	6	16.48
149	455	3	10.65
641	109	7	20.36
143	171	7	12.63
21	161	37	99.57
162	122	9	8.07
278	102	12	8.46
12	445	5	7.54
572	205	4	24.84
320	119	5	8.45
209	144	5	9.89
865	1225	3	32.9
110	975	4	11.03
123	2724	3	20.89
497	2113	4	52.04
106	205	11	7.73
112	1459	5	26.25
106	257	15	29.97
1016	205	3	20.53
290	157	5	18.48
171	21	16	19.84
967	105	4	7.65
1305	105	5	15.82
715	101	7	7.87
115	1449	3	11.51
106	1528	3	9.01
451	104	7	9.74
164	14	93	6.89
136	153	7	7.09
2175	110	4	22.8
231	218	4	15.94
119	1140	4	17.06
1527	106	3	9.01
104	319	8	7.54
601	104	6	10.18
2504	518	3	39.23
106	1230	6	25.29
734	122	3	8.34
123	1943	4	27.87
304	127	5	10.99
105	430	6	6.85
1720	441	5	64.11
296	530	3	19.39
1245	129	3	13.05
203	198	3	7.77
101	120	113	21.98
205	726	5	36.85
101	297	15	10.56
111	1984	3	13.47
262	472	18	212.22
1735	104	3	7.49
1323	12	5	22.34
518	2303	3	39.23
832	327	3	23.65
1571	107	5	26.04
222	448	9	70.88
102	385	9	8.54
194	206	3	7.6
9	105	5	13.8
123	303	5	9.07
261	158	3	7.51
123	105	44	8.21
172	218	4	11.06
12	204	27	72.7
12	280	11	21.02
106	2296	3	15.43
114	130	19	8.61
21	168	66	306.1
1391	119	3	11.7
432	149	3	10.01
168	267	3	8.54
132	109	38	26.48
102	129	55	10.43
132	164	7	7.3
101	1050	6	10.64
106	729	9	36.23
123	355	8	26.26
143	158	22	82.83
1485	107	4	13.5
366	107	6	7.02
125	129	14	7.55
103	164	23	12.11
123	1327	3	12.76
129	382	4	9.9
362	102	14	23.69
139	168	6	8.3
899	339	9	111.56
109	943	6	21.07
192	126	6	7.03
2560	108	3	15.88
322	102	12	13.24
654	121	7	30.31
251	2348	3	33.36
980	244	9	101.07
332	528	9	88.78
105	113	84	52.08
243	145	4	8.53
2794	109	3	16.04
1231	183	5	41.06
680	21	11	58.32
1367	119	6	39.62
110	2759	3	17.1
156	1622	4	31.7
101	119	120	26.53
137	549	3	9.63
1437	115	3	11.51
101	288	15	9.79
123	676	6	25.57
188	102	20	9.79
21	2284	3	13.32
144	259	9	35.41
124	400	5	12.32
133	224	5	8.05
305	101	14	9.75
108	1720	3	9.45
21	931	3	6.89
702	105	7	18.01
210	112	7	6.82
2146	103	4	17.33
827	109	4	8.78
1259	101	5	8.15
170	3086	3	28.78
109	2	42	21.85
109	224	33	118.04
700	687	3	28.3
1933	106	3	11.09
107	2088	3	11.27
102	1732	4	10.46
181	189	4	10.07
1984	111	3	13.47
2899	525	3	39.23
2848	105	3	14.28
1807	141	5	41.51
175	464	3	12.95
385	21	6	11.37
1975	247	3	28.71
107	834	7	24.72
300	118	6	10.94
845	115	3	7.92
702	148	3	13.04
12	620	8	27.55
101	3082	3	9.34
189	149	10	34.08
161	184	16	76.46
115	200	9	12.1
371	110	5	6.95
483	133	15	103.86
1563	12	4	17.22
244	980	9	101.07
121	562	6	21.41
148	106	19	7.94
2212	102	4	15.13
115	335	5	8.85
119	2899	3	19.79
314	119	5	8.14
114	882	3	7.84
952	57	3	8.32
199	225	3	8.95
118	2595	3	19.74
110	420	5	7.8
124	103	52	8.02
150	136	9	12.65
101	387	12	11.82
2295	434	3	38.1
106	101	264	79.91
125	627	4	13.65
2341	1850	3	50.17
1362	107	4	13.5
106	1526	4	15.73
539	21	15	88.88
253	172	3	8.01
1830	108	4	21.18
1933	2816	3	50.17
654	133	3	9.44
130	126	15	9.82
140	504	3	9.4
626	12	5	11.34
381	108	17	64.78
1568	6	3	39.62
130	2565	3	22.49
57	153	14	13.45
222	120	17	52.11
107	1287	3	6.67
2297	12	3	16.56
1415	102	4	8.15
180	242	3	8.21
959	2862	3	43.21
159	109	23	27.23
116	825	3	8.02
1	958	3	9.79
209	242	5	22.21
153	176	6	13
1503	101	6	18.7
153	58	9	7.74
818	112	3	7.32
784	2175	4	56.17
102	2931	3	11.35
119	2233	3	15.36
138	2837	3	24.46
137	787	8	52.03
326	108	7	9.11
677	106	5	10.53
150	856	3	14.86
1319	205	3	22.77
205	108	22	45.19
2162	12	3	12.19
119	849	3	8.1
102	436	8	8.01
398	113	6	14.17
1781	103	3	6.75
609	124	4	11.73
110	763	11	62.84
602	951	9	125.98
236	1229	3	23.24
21	403	21	124.66
121	605	3	6.66
102	2848	3	11.35
134	432	3	6.88
303	1217	3	25.42
141	1807	5	41.51
105	1813	4	14.23
1508	107	6	31.26
965	332	9	110.69
1097	105	5	13.8
700	189	4	25.23
888	205	4	29.17
163	110	14	9.9
1677	104	3	7.49
542	2445	3	39.66
492	520	5	45.56
413	113	4	6.68
162	152	5	7.54
137	772	5	25.48
428	484	3	21.96
102	239	24	38.18
102	108	200	86.27
347	115	6	13.15
740	737	5	55.7
104	948	4	7.09
57	204	10	14.71
111	560	4	7.57
211	615	3	17.17
102	1436	4	8.15
114	1265	3	10.26
1839	101	4	12.46
208	206	3	8.05
116	796	4	13.28
108	105	96	14.72
109	727	11	58.92
108	355	9	18.15
179	639	13	128.48
123	1615	5	34.85
788	104	5	9.11
672	123	4	13.09
959	120	3	8.96
1369	119	5	27.67
116	2336	3	19.71
999	12	7	32.79
414	149	4	15.75
358	135	11	55.08
135	139	10	9.6
795	135	3	11.21
107	275	8	8.19
246	163	3	7.22
138	14	168	14.34
120	530	4	9.53
510	196	4	22.53
105	972	5	12.22
12	158	18	15.73
200	217	4	13.69
2973	109	3	16.04
172	58	9	11.71
272	105	33	143.1
115	918	5	20.63
12	309	7	9.49
102	2797	3	11.35
200	261	3	10.41
119	156	104	716.43
145	1604	5	42.1
149	812	4	22.06
203	103	14	7.28
102	2287	3	7.18
148	490	5	23.63
101	3027	3	9.34
105	583	9	25.61
448	110	5	8.27
1001	123	4	17.02
1823	120	5	33.34
116	490	5	13.18
122	2759	3	20.72
2889	115	3	19.6
339	137	3	6.65
236	1101	3	22.22
711	129	6	28.55
2818	561	3	39.66
145	208	5	9.59
136	376	6	21.98
107	1722	5	26.04
103	643	10	30.05
122	265	7	15.17
673	276	4	30.49
257	434	3	17.22
287	101	15	9.79
328	568	3	20.88
956	393	9	114.46
2049	104	3	9.51
1060	104	4	8.16
738	205	3	18.25
453	12	12	44.27
14	57	394	28.39
130	155	10	14.24
274	122	5	7.76
708	110	5	13.04
1342	123	4	20.35
101	2876	3	9.34
120	701	5	17.54
101	2816	3	9.34
101	2772	3	9.34
1019	119	5	22.65
1165	107	4	11.73
150	213	4	8.93
541	105	6	10.13
107	1039	4	10.35
276	683	3	20.76
3088	101	3	9.34
271	103	13	15.54
108	2001	4	21.18
2730	1217	3	45.11
150	3119	3	26.92
121	596	3	6.66
101	493	11	15.05
102	661	6	7.05
178	253	3	8.35
124	346	5	11.07
113	1219	3	10.07
206	184	3	6.88
2097	102	3	7.18
112	172	18	32.05
434	205	6	38.88
113	532	6	18.29
1952	106	3	11.09
434	257	3	17.22
2445	1314	3	46.35
1360	103	4	10.18
14	125	257	24.02
105	1588	3	7.94
116	131	23	17.16
108	828	4	8.6
6	736	4	49.49
284	112	8	15.7
108	911	6	20.77
410	105	9	16.52
242	172	5	17.91
57	952	3	8.32
1577	12	5	27.62
565	211	4	24.94
136	445	3	7.86
145	111	16	7.4
145	243	4	8.53
103	1053	5	11.81
2627	110	3	17.1
123	810	3	9.11
101	106	264	79.91
784	110	6	19.66
475	120	5	13.01
1106	146	3	15.15
592	121	5	16.5
729	406	6	60.75
161	254	4	12.27
230	107	14	21.98
108	1850	4	21.18
517	21	16	94.83
210	185	3	7.37
124	960	3	9.81
158	21	29	58.83
103	1250	4	8.5
1532	103	3	6.75
177	164	17	79.76
118	460	6	17.51
331	1057	3	25.51
108	1344	3	8
12	205	39	146.42
510	122	4	9.92
12	1528	3	10.09
308	198	7	40.41
1	756	4	13.86
878	218	3	19.7
186	12	16	19.92
117	182	19	44.99
358	2	8	27.55
502	156	8	50.35
721	103	5	7.07
2817	101	3	9.34
2	147	15	19.86
1571	118	5	32.93
1141	276	3	24.66
57	114	29	9.99
101	1839	4	12.46
397	118	4	6.83
329	164	3	9.64
12	1349	3	8.64
105	1945	3	9.97
292	12	8	11.35
579	102	14	53.04
318	1703	3	28.88
973	12	5	15.77
1470	490	3	30.52
393	123	10	40.27
2803	102	3	11.35
3079	1933	3	50.17
2843	848	3	42.45
102	152	43	34.03
101	870	6	7.12
205	453	6	39.65
347	153	3	9.07
1524	119	3	13.21
1438	126	3	13.82
143	157	9	17.25
118	128	22	14.63
460	118	6	17.51
376	136	6	21.98
265	109	9	11.97
1721	392	5	62.42
318	865	7	72
58	140	12	9.34
103	108	135	37.01
348	126	4	8.42
982	117	3	8.74
456	123	6	19.66
107	1271	3	6.67
118	1608	3	13.16
1151	2466	3	45.11
379	102	16	34.64
104	723	6	12.24
914	305	4	34.69
165	58	8	7.73
254	169	6	24.68
1945	105	3	9.97
200	58	6	7.23
315	116	8	20.07
1575	101	4	7.93
121	729	7	33.7
687	700	3	28.3
105	9	5	13.8
110	659	5	12.14
102	536	9	14.42
122	1823	5	34.56
634	106	5	9.67
9	12	6	24.42
671	123	4	14.78
123	12	36	12.41
133	299	6	16.79
130	1255	4	20.59
2445	12	3	16.56
128	671	3	10.53
1720	379	5	61.92
545	139	3	9.93
116	1226	3	10.45
2146	104	3	9.51
984	107	7	27.25
106	399	6	7.62
101	287	15	9.79
12	2492	3	16.56
2917	103	3	12.99
188	101	27	13.34
325	2596	3	35.83
126	118	20	9.2
1756	108	3	9.45
109	122	55	40.37
3141	119	3	19.79
105	1135	5	15.82
669	12	11	54.11
726	108	7	23.26
14	207	58	10.22
2938	1468	3	46.35
141	184	7	14.28
12	1861	3	12.19
185	135	11	28.38
116	149	27	56.91
275	1243	3	24.66
104	508	6	7.86
3089	101	3	9.34
490	116	5	13.18
360	178	3	11.32
1403	109	3	8.15
110	2760	3	17.1
106	263	8	7.13
124	213	6	7.67
1569	116	3	13.13
206	107	18	28.23
150	2	10	9.62
184	166	4	7.92
1134	1151	7	115.7
124	302	5	9.07
119	456	4	8.37
150	271	3	7.16
12	2160	3	12.19
262	159	3	7.67
107	910	4	9.23
157	290	5	18.48
107	2369	3	15.62
2773	206	3	31.06
823	121	3	8.73
119	2900	3	19.79
105	125	76	85.97
171	143	7	12.63
101	2742	3	9.34
118	2596	3	19.74
1109	143	4	22.47
2241	101	4	12.46
14	112	416	23.84
626	105	5	8.03
518	108	6	12.08
125	797	3	10.06
868	106	4	8.06
1130	119	4	17.06
122	135	15	9.97
103	721	5	7.07
125	626	4	13.65
111	991	3	7.03
136	102	64	41.44
1362	106	4	13.25
101	1225	6	13.43
106	1525	4	15.73
368	198	3	12.91
125	1053	3	11.59
104	312	8	7.09
263	283	3	13.76
207	185	3	6.88
116	492	8	29.82
140	301	5	14.81
105	1150	4	10.06
108	1756	3	9.45
174	185	4	8.8
461	116	10	43.36
266	107	26	95.06
631	21	12	64.09
58	1826	3	15
101	3081	3	9.34
105	533	8	17.48
105	381	11	22.91
124	352	4	7.19
276	887	3	22.78
239	102	24	38.18
131	106	33	11.39
865	1567	3	35.72
1781	104	3	7.49
244	268	4	19.5
12	292	8	11.35
603	126	4	13.08
707	101	8	11.55
2816	101	3	9.34
101	793	11	34.3
149	222	9	33.78
138	58	27	55.04
282	152	4	11.84
107	261	8	7.49
1772	107	3	9.19
1546	101	4	7.93
456	528	3	23.05
276	1141	3	24.66
1944	1502	3	41.85
114	1461	3	11.42
108	477	5	7.64
21	1165	7	41.37
424	104	7	9.06
596	111	4	8.11
108	177	14	9.69
272	1313	3	25.9
108	297	24	92.88
725	1643	3	34.45
379	579	14	181.19
2297	105	3	14.28
125	116	24	15.95
241	176	3	8.07
118	187	11	16.37
118	114	29	12.28
1643	725	3	34.45
149	432	3	10.01
103	1532	3	6.75
3087	446	3	38.1
124	611	5	17.16
137	2494	3	24.22
1627	104	3	7.49
173	128	7	8
162	282	3	8.26
656	468	3	24.43
797	106	4	8.06
134	177	6	6.72
323	58	6	15.83
491	162	3	12.39
519	131	3	7.71
232	203	3	9.48
2348	251	3	33.36
135	140	30	91.45
355	1150	7	86.72
2742	101	3	9.34
2559	287	3	34.56
2879	102	3	11.35
130	919	4	17.88
12	1587	3	10.09
810	123	3	9.11
1721	102	5	18.92
153	500	4	17.67
609	102	7	9.37
105	1090	5	13.8
12	157	19	17.6
272	12	25	98.23
372	101	24	74.95
145	1934	4	33.65
106	634	5	9.67
120	2938	3	19.99
110	2152	3	12.72
110	2272	3	12.72
143	127	14	16.34
520	492	5	45.56
119	1023	3	9.58
103	1611	3	6.75
204	147	14	58.26
647	106	13	67
432	119	9	32.79
1240	191	7	71.05
147	384	4	14.12
3055	120	3	19.99
21	133	103	339.02
1732	106	3	9.01
1014	12	4	12.92
689	225	3	18.94
976	120	3	8.96
116	8	4	13.28
139	133	14	18.12
2219	128	3	17.96
258	134	13	52.7
451	846	4	37.59
111	561	4	7.57
1990	105	3	9.97
276	1524	3	27.48
269	140	5	13.35
102	1435	4	8.15
116	2524	3	19.71
3140	180	3	29.24
141	150	7	8.89
185	165	4	7.85
2049	103	3	8.74
14	113	398	46.08
698	109	7	21.87
1360	145	5	36.72
112	2957	3	18.93
122	317	5	9.75
406	142	3	8.35
222	608	5	35.33
831	128	4	16.73
102	824	5	6.69
1016	123	7	42.87
541	12	9	30.35
124	299	7	17.19
281	184	6	28.4
388	120	6	15.39
301	135	6	18.16
131	438	4	11.22
1	1339	3	12.74
220	103	13	8.05
680	127	3	8.99
174	566	5	29.4
1110	101	8	24.93
119	2765	3	19.79
118	2597	3	19.74
530	296	3	19.39
1298	107	7	36.48
171	138	7	11.48
102	2212	4	15.13
224	428	3	15.35
105	410	9	16.52
123	2573	3	20.89
128	2431	3	22.41
439	12	9	24.78
101	328	16	18.59
103	1049	4	7.21
1536	110	3	10.61
207	112	8	8.33
108	1014	3	6.91
116	371	8	24.87
2620	141	3	24.87
105	1173	5	15.82
304	101	14	9.75
109	265	9	11.97
140	224	4	6.81
145	112	21	22.46
217	174	3	6.88
257	272	6	35.99
248	126	9	24.6
140	135	30	91.45
179	230	3	7.83
263	106	8	7.13
956	123	9	62.84
161	209	4	9.69
1858	12	3	12.19
249	111	13	29.96
210	57	12	24
154	102	35	20.45
101	313	25	56.68
106	528	5	7.59
101	107	186	7.36
2067	2787	3	50.17
101	568	13	29.7
137	101	59	14.2
2244	421	4	50.57
128	2219	3	17.96
150	103	29	17.23
2776	1229	3	45.11
178	210	4	11.22
3019	101	3	9.34
980	57	3	8.32
184	122	11	18.5
12	973	5	15.77
150	3120	3	26.92
184	179	4	9.15
21	631	12	64.09
296	326	3	16.06
298	1043	7	76.05
1024	106	4	10.12
569	205	5	33.79
14	126	250	12.46
109	504	7	15.84
472	262	18	212.22
812	461	6	65.49
108	776	11	58.35
679	205	4	26.29
887	125	3	10.77
539	127	3	7.63
136	138	13	17.66
335	2	5	11.43
2685	231	3	32.63
104	387	7	7.86
335	224	4	20.76
1417	206	6	62.44
124	1616	5	34.85
108	2504	3	15.88
661	113	4	10.43
160	947	4	25.06
142	406	3	8.35
109	1068	4	10.87
107	1244	7	36.48
103	234	13	10.49
340	157	3	9.64
384	57	11	41.32
106	2055	3	11.09
1253	108	3	6.91
112	756	3	6.73
1400	104	4	11.19
909	899	9	144.23
101	1773	4	7.93
168	133	14	34.83
204	12	27	72.7
132	117	29	34.05
245	615	3	18.74
1621	118	5	32.93
127	639	3	8.49
120	296	20	92.67
544	101	10	14.44
108	1164	4	12.06
2596	118	3	19.74
1090	105	5	13.8
1796	101	4	7.93
120	378	4	6.78
101	2389	3	9.34
1138	105	4	10.06
2113	120	4	26.66
774	123	7	34.66
119	669	3	6.97
282	286	3	14.28
102	467	8	8.81
1164	108	4	12.06
177	108	14	9.69
691	912	9	130.73
520	149	7	40.37
275	680	3	20.76
468	656	3	24.43
736	6	4	49.49
135	175	7	10.63
358	122	4	7.29
1641	104	3	7.49
741	123	3	8.5
1243	275	3	24.66
1571	236	5	54.85
892	1338	4	50.59
2504	1043	3	44.08
123	1502	3	12.76
288	170	3	9.17
1679	107	3	9.19
857	103	6	13.51
1173	105	5	15.82
1541	107	3	9.19
109	814	7	25.67
549	107	5	8.48
865	318	7	72
326	1111	8	97.27
1023	276	3	23.64
1059	114	3	9.31
276	1023	3	23.64
249	14	40	7.04
189	120	9	11.61
141	422	3	8.5
121	1608	3	13.88
1317	12	4	14.71
669	119	3	6.97
119	1524	3	13.21
634	1960	4	54.54
122	358	4	7.29
112	242	7	9.4
887	276	3	22.78
122	109	55	40.37
320	1943	4	47.62
274	198	3	10.64
141	168	6	8.82
2637	137	3	24.22
1339	110	3	9.14
105	14	904	61.48
1741	106	3	9.01
2445	542	3	39.66
171	232	3	7.36
105	246	14	19.33
133	419	3	6.88
2240	110	3	12.72
12	908	4	10.38
2290	396	4	49.73
188	367	4	19.03
12	2295	3	16.56
107	2776	3	15.62
121	1102	5	23.77
2250	124	4	27.87
376	152	3	9.46
432	134	3	6.88
1244	107	7	36.48
120	113	28	11.02
2296	106	3	15.43
103	1504	4	10.18
1524	12	4	17.22
1094	111	3	7.8
427	110	5	7.8
107	364	24	125.57
121	2176	4	27.31
154	2137	4	36.37
123	542	4	11.15
299	166	3	8.96
135	364	6	21.36
101	1622	4	7.93
222	149	9	33.78
1365	226	6	65.12
283	263	3	13.76
3093	124	3	20.89
208	101	23	10.35
165	112	17	25.43
3080	101	3	9.34
434	2295	3	38.1
986	101	6	8.66
129	263	7	17.94
1525	276	3	27.48
105	1832	3	9.97
254	113	6	7.84
473	158	3	11.74
152	441	3	10.61
237	2951	3	32.77
123	1507	5	29.5
1656	128	3	15.78
1066	189	3	19.74
1502	163	6	56.13
156	119	104	716.43
445	12	5	7.54
107	230	14	21.98
143	429	4	13.91
951	101	7	13.22
121	848	3	8.73
320	568	3	20.65
1138	107	3	6.67
147	2	15	19.86
114	145	17	15.09
1568	251	3	26.64
106	951	9	46.34
123	131	15	6.76
158	143	22	82.83
107	201	13	12.26
295	220	3	12.33
609	110	5	11.33
1111	326	8	97.27
272	106	25	88.89
121	740	3	8.12
172	57	11	11.39
2901	119	3	19.79
2047	119	3	15.36
2103	104	3	9.51
2779	321	3	35.6
865	106	8	31.49
513	108	5	8.22
642	110	4	7.83
128	1470	6	44.9
308	122	8	22.53
129	102	55	10.43
524	110	5	9.94
12	1525	3	10.09
2	162	11	15.15
123	1553	3	14.28
126	725	3	8.95
111	112	42	16.45
163	124	15	26.68
1333	103	4	10.18
1881	1837	4	70.59
123	1148	5	26.6
1017	1150	7	109.67
57	138	25	31.16
108	3116	3	15.88
107	1150	4	11.73
492	129	4	11.97
169	254	6	24.68
312	294	4	23.35
159	122	10	10.22
745	130	6	30.13
1968	104	3	9.51
2094	106	3	11.09
615	2750	3	40.12
432	120	4	7.8
763	110	11	62.84
190	122	9	13.11
1293	57	3	10.06
797	120	4	13.63
1585	12	3	10.09
250	172	3	8.01
205	434	6	38.88
149	492	6	31.35
103	1415	4	10.18
107	533	5	7.85
102	103	255	46.55
311	219	3	12.81
184	281	6	28.4
121	367	4	7.02
859	116	3	8.02
101	2810	3	9.34
494	260	3	18.1
1649	103	3	6.75
602	101	9	12.16
541	106	10	33.2
373	155	4	15.68
1658	111	3	11.34
119	516	8	31.29
2856	122	3	20.72
1616	123	5	34.85
560	111	4	7.57
155	286	5	18.37
1130	12	6	27.54
267	142	4	9.25
136	115	20	16.35
1514	111	3	9.86
400	124	5	12.32
1109	127	8	58.89
253	291	3	13.66
116	222	14	35.74
183	1819	5	49.41
2242	1044	4	59.5
14	228	46	8.1
108	930	4	9.55
318	129	5	12.22
1805	101	5	15.58
116	432	4	7.49
552	102	8	11.84
1077	108	4	10.68
683	104	7	16.98
137	1230	5	32.12
218	878	3	19.7
1430	106	3	7.58
712	104	5	8.18
103	1667	3	6.75
111	2021	3	13.47
239	232	3	11.2
1068	105	5	13.8
123	2572	3	20.89
105	473	6	7.98
448	101	10	9.13
434	123	6	18.94
119	1367	6	39.62
102	2077	3	7.18
107	1679	3	9.19
1478	106	3	7.58
193	1538	3	23.84
776	202	11	114.69
8	123	3	9.11
359	161	3	10.34
1334	133	3	14.86
595	230	5	36.43
225	127	5	7.03
116	105	62	20.26
108	745	4	7.79
58	802	3	9.78
497	112	6	16.77
224	242	3	10.84
952	58	3	10.49
298	1830	4	46.48
106	2976	3	15.43
3084	2057	3	50.17
150	282	3	7.32
321	2779	3	35.6
124	163	15	26.68
137	339	3	6.65
2	1818	3	14.78
635	104	5	7.37
144	306	4	10.72
102	1062	6	14.36
228	108	20	47.08
439	119	4	7.96
205	678	5	35.71
106	497	5	7.03
12	738	6	18.64
148	423	6	29.39
536	136	3	8.88
356	125	4	8.96
631	171	3	14.83
101	3088	3	9.34
2048	406	4	50.14
207	228	46	527.77
21	1855	4	23.62
847	1072	8	120.08
2797	260	3	33.85
113	14	398	46.08
480	111	8	25.13
385	102	9	8.54
101	1547	4	7.93
1436	102	4	8.15
2334	12	3	16.56
672	671	8	104.81
104	304	8	6.67
525	2899	3	39.23
2	624	3	7.92
2779	275	3	34.19
129	173	39	184.51
812	687	4	42.72
104	761	5	9.11
959	107	4	9.23
2837	176	3	29.08
1151	2504	3	45.11
107	1427	4	13.5
125	434	5	15.38
1441	116	3	11.62
334	162	4	15.42
414	134	3	6.88
106	874	4	8.06
2504	1830	3	50.17
372	231	3	14.72
417	105	6	6.85
361	116	10	34.32
121	2597	3	20.48
194	247	5	21.09
295	273	7	48.1
110	749	4	9.22
370	142	3	7.58
968	104	4	7.09
108	1253	3	6.91
1575	257	4	40.02
1470	148	3	18.07
12	123	36	12.41
306	499	3	19.4
272	119	9	21.52
120	326	5	9.05
101	2241	4	12.46
703	108	4	7.08
153	57	14	13.45
209	172	55	571.66
797	12	4	9.41
740	1886	4	56.17
149	371	5	21.09
983	103	5	10.27
3121	150	3	26.92
102	2	68	15.69
724	140	3	11.58
104	1014	4	9.47
509	114	6	17.84
101	1804	5	15.58
107	1277	3	6.67
107	1233	3	6.67
1247	106	4	11.49
58	57	123	462.34
1508	558	6	80.83
58	230	6	10.08
2044	102	3	7.18
338	111	7	13.94
116	608	4	10.29
12	1317	4	14.71
1043	2303	3	44.08
169	184	7	22.43
1703	128	3	15.78
107	1184	3	6.67
103	104	211	84.71
103	302	9	7.01
1	2160	3	16.43
57	102	90	15.4
57	172	11	11.39
136	667	3	10.16
2219	101	4	12.46
3141	886	3	42.45
180	219	3	7.14
162	2	11	15.15
108	1613	3	9.45
12	528	5	9.18
763	127	11	81.1
404	164	3	11.14
647	194	3	16.62
189	1066	3	19.74
119	887	3	8.78
205	572	4	24.84
1035	104	5	13.06
123	569	4	11.73
9	106	4	10.12
875	493	10	135.11
106	1024	4	10.12
123	312	9	28.14
464	175	3	12.95
484	12	10	33.18
1470	105	5	18.6
2524	116	3	19.71
108	1224	4	12.06
2662	181	3	29.48
189	812	3	18.13
2890	349	3	36.32
108	387	6	8.35
452	116	4	8.28
103	2712	3	12.99
165	185	4	7.85
1	800	3	9.09
665	12	4	7.21
815	177	3	16.97
2492	12	3	16.56
106	1741	3	9.01
2	335	5	11.43
411	966	3	26.01
304	128	4	7.59
547	2620	3	39.66
140	255	4	8.4
1769	102	4	10.46
812	189	3	18.13
103	2146	4	17.33
3080	635	3	40.62
364	377	3	18.86
280	432	3	17.57
104	267	9	6.63
385	143	3	8.12
198	164	4	8.94
2823	101	3	9.34
123	1944	4	27.87
126	121	18	8.58
211	448	3	15.2
528	965	9	122.3
639	118	13	85.88
1427	107	4	13.5
167	109	14	7.59
876	212	10	107.23
697	101	8	11.55
1944	2572	3	50.17
1029	115	4	15.36
161	133	20	60.48
108	1730	3	9.45
530	326	3	20.45
350	146	3	7.86
101	2664	3	9.34
162	689	3	14.64
388	150	3	9.82
719	107	5	10.81
157	140	10	20.3
101	372	24	74.95
814	1030	8	120.08
290	21	6	7.04
102	780	7	13.38
107	1075	8	41.7
280	222	5	25.37
106	1527	3	9.01
2685	101	3	9.34
2817	875	3	42.45
738	123	5	20.06
309	12	7	9.49
2899	119	3	19.79
110	1228	3	8.01
110	1280	3	8.01
225	115	13	32.39
280	369	3	16.42
498	1503	6	79.85
441	911	9	117.94
2664	101	3	9.34
145	114	17	15.09
2797	102	3	11.35
1716	155	5	46.2
1151	108	4	12.06
110	1536	3	10.61
12	1916	3	12.19
291	133	22	131.66
613	119	6	21.1
263	286	6	36.71
798	106	5	12.65
729	538	8	96.47
2305	108	3	15.88
1615	1507	5	80.6
687	189	3	17.47
356	123	6	16.48
210	157	4	9.38
121	142	13	8.94
846	2263	4	57.13
156	1955	4	36.68
137	550	5	21.68
388	213	3	14.51
1260	134	3	13.66
110	2758	3	17.1
588	101	8	8.64
532	113	6	18.29
118	639	13	85.88
123	1016	7	42.87
126	1250	3	12.62
1622	101	4	7.93
541	272	4	28.38
386	119	4	6.88
436	1443	3	29.79
166	191	4	8.53
425	104	8	12.44
14	205	58	10.22
109	373	6	7.67
14	257	38	6.69
130	292	4	7.21
436	102	8	8.01
1339	1	3	12.74
128	1691	3	15.78
101	1250	6	13.43
136	141	13	19.06
280	116	8	17.51
112	58	35	33.51
8	125	3	10.06
1547	101	4	7.93
102	2121	3	7.18
125	641	4	13.65
434	125	5	15.38
263	1000	3	23.29
115	2015	3	15.18
689	141	5	25.43
303	124	7	17.19
21	1579	3	11.19
1031	101	8	24.93
965	439	3	26.66
2604	105	3	14.28
236	107	13	19.13
58	138	27	55.04
122	631	3	7.31
124	2106	4	27.87
169	299	6	27.58
1004	106	4	10.12
1072	847	8	120.08
351	2646	3	36.32
104	1735	3	7.49
118	126	20	9.2
106	774	5	11.51
749	110	4	9.22
1822	105	3	7.94
537	129	5	18.05
3082	754	3	41.78
1240	101	7	21.81
120	101	113	21.98
162	491	3	12.39
12	125	36	19.31
134	602	4	14.43
107	2969	3	15.62
219	180	3	7.14
147	162	7	12.72
105	951	4	7.65
2774	206	3	31.06
482	134	3	7.81
106	2189	3	11.09
119	620	4	11.02
921	111	3	7.03
107	172	56	190.38
2246	161	3	23.55
244	3120	3	33.2
101	694	8	11.55
912	691	9	130.73
560	957	9	124.04
135	172	9	17.04
163	259	4	12.6
191	290	4	16.4
208	2775	3	31.06
222	391	7	47.81
201	322	3	12.29
237	136	5	10.07
344	118	7	17.83
129	125	14	7.55
380	109	9	19.38
914	101	8	19.13
477	105	6	8.63
2242	101	4	12.46
1229	107	3	6.67
8	9	8	120.08
334	103	15	32.34
107	1593	4	15.98
113	821	3	7.66
107	1541	3	9.19
117	209	8	10.64
226	123	11	27.92
117	253	7	11.51
114	236	7	9.91
127	873	10	73.69
495	227	6	43.41
12	57	77	79.12
12	186	16	19.92
520	116	13	70.52
101	846	7	11.01
814	109	7	25.67
2348	1568	3	47.94
177	283	4	14.66
282	150	3	7.32
302	103	9	7.01
941	101	7	13.22
361	222	6	37.49
1571	1229	3	38.38
605	121	3	6.66
106	683	6	15.19
724	127	12	88.52
132	210	5	7.11
124	609	4	11.73
138	428	3	8.13
265	209	3	11.24
173	126	7	7.26
21	266	7	8.99
12	484	10	33.18
128	515	3	7.6
121	938	3	9.42
190	161	4	8.27
115	845	3	7.92
413	110	7	14.86
2055	106	3	11.09
668	12	5	12.23
1247	104	4	9.47
319	104	8	7.54
142	370	3	7.58
828	108	4	8.6
159	161	5	9.02
129	440	4	11.06
112	851	3	7.32
103	150	29	17.23
594	598	3	25.6
2369	118	3	19.74
111	480	8	25.13
116	315	8	20.07
476	103	7	8.95
213	147	6	16.07
766	112	3	6.73
238	194	4	14.64
125	8	3	10.06
2347	193	3	30.55
1489	102	4	8.15
761	104	5	9.11
113	413	4	6.68
231	308	4	20.53
112	191	8	6.81
103	2043	3	8.74
107	984	7	27.25
706	144	3	11.88
849	119	3	8.1
106	246	11	13.7
106	14	725	11.33
997	12	3	6.63
101	588	8	8.64
115	281	12	36.18
12	9	6	24.42
127	21	36	29.15
118	2594	3	19.74
545	124	5	16.37
21	981	3	6.89
102	2267	3	11.35
115	537	5	13.66
101	3083	3	9.34
144	157	9	17.35
737	106	5	11.51
2776	236	3	32.77
126	130	15	9.82
212	792	3	18.92
341	115	6	13.15
104	108	104	16.13
549	2637	3	39.66
2	689	3	8.42
104	314	8	7.09
263	129	7	17.94
453	434	3	21.92
2759	122	3	20.72
102	751	6	9.18
290	191	4	16.4
101	587	9	12.16
1198	638	3	31.07
205	999	4	30.43
12	1007	4	11.52
266	437	3	17.55
115	152	17	22.42
127	291	4	6.7
110	432	11	36.37
133	403	10	48.56
2595	118	3	19.74
109	1240	4	12.25
1568	2348	3	47.94
12	1841	3	12.19
225	141	4	7.18
472	101	18	56.17
139	644	3	10.83
14	114	377	19.12
109	523	8	21.77
103	708	7	15.25
1916	12	3	12.19
198	449	3	14.36
112	321	6	10.7
595	102	10	22.42
252	117	6	8.27
2160	12	3	12.19
155	373	4	15.68
683	106	6	15.19
468	104	6	7.23
268	617	6	49.51
757	124	4	13.88
2431	101	3	9.34
213	388	3	14.51
1043	298	7	76.05
109	215	12	14.15
12	668	5	12.23
393	956	9	114.46
1720	579	5	67.76
1068	109	4	10.87
110	222	9	9.08
834	107	7	24.72
161	109	14	7.04
144	115	20	22.58
1255	130	4	20.59
175	1147	3	19.43
107	651	5	9.94
598	106	6	13.02
101	211	24	15.56
1653	111	3	11.34
131	117	51	108.61
239	1	6	9.33
2295	12	3	16.56
2499	2498	3	54.67
275	321	3	15.29
1230	106	6	25.29
423	148	6	29.39
387	108	6	8.35
620	12	8	27.55
121	633	3	7.1
123	272	6	11.56
104	1971	3	9.51
110	2481	3	17.1
902	131	3	11.37
9	272	5	46.73
138	171	7	11.48
123	1616	5	34.85
1167	118	3	10.48
491	109	6	11.59
268	244	4	19.5
108	2712	3	15.88
276	1323	3	25.9
125	356	4	8.96
2868	394	3	37.14
142	312	7	27.17
109	724	4	7.25
117	132	29	34.05
678	205	5	35.71
109	827	4	8.78
1994	102	3	7.18
12	1589	5	27.62
878	172	4	24.97
208	326	3	12.48
1567	128	4	24.95
1014	104	4	9.47
58	172	9	11.71
558	2838	3	39.66
116	626	5	16.15
116	797	4	13.28
159	184	7	20.53
139	135	10	9.6
108	104	104	16.13
1184	107	3	6.67
2369	107	3	15.62
2175	784	4	56.17
103	334	15	32.34
406	729	6	60.75
104	1641	3	7.49
205	439	6	38.88
892	101	7	13.22
168	224	3	6.84
1351	106	3	7.58
153	102	42	32.81
209	57	7	7.04
120	189	9	11.61
1621	130	5	37.53
273	1212	7	81.59
107	549	5	8.48
102	149	41	26.17
231	2066	4	43.59
138	398	4	12.39
251	6	4	36.96
107	377	8	14.27
149	520	7	40.37
299	161	5	19.91
106	701	5	10.53
102	3132	3	11.35
778	121	3	8.12
361	2758	3	36.58
704	105	5	8.86
236	118	27	121.87
1955	156	4	36.68
1422	109	5	21.48
267	619	6	49.51
384	115	4	6.67
1906	106	3	11.09
107	1138	3	6.67
1327	123	3	12.76
107	1198	5	17.97
280	749	3	21.53
1004	119	4	15.6
553	110	5	10.6
1928	102	4	15.13
107	1571	5	26.04
163	126	9	10.82
815	108	6	18.91
115	1634	3	13.02
139	374	4	12.12
3139	180	3	29.24
1229	118	4	17
477	121	5	14.35
2466	298	3	34.76
152	376	3	9.46
102	2815	3	11.35
2057	764	3	37.28
114	150	11	7.37
259	143	4	9.1
105	926	4	7.65
1111	101	8	24.93
977	102	5	7.86
439	726	3	25.23
177	106	22	28.54
233	155	6	20.91
316	102	10	7.23
1017	123	3	10.62
131	845	3	10.65
133	168	14	34.83
798	119	3	8.1
648	1716	5	68.68
110	269	8	10.83
318	1567	3	28.88
461	149	5	23.95
102	2181	3	7.18
121	275	6	10.85
12	665	4	7.21
1522	619	6	81.9
441	1720	5	64.11
105	2803	3	14.28
106	598	6	13.02
275	169	3	8.76
167	178	4	7.27
1214	164	3	18.55
498	103	6	7.26
1821	107	3	9.19
102	1097	7	20.79
188	296	5	23.19
640	136	3	10.16
236	2335	3	32.77
694	156	4	21.57
104	129	54	32.71
170	147	5	7.34
313	231	4	20.53
140	269	5	13.35
180	970	3	17.87
2472	106	3	15.43
140	133	15	22.17
116	452	4	8.28
231	2685	3	32.63
542	123	4	11.15
410	104	8	11.66
14	128	236	20.93
108	726	7	23.26
12	1858	3	12.19
108	829	4	8.6
192	206	3	7.43
57	743	5	17.5
109	2794	3	16.04
102	2044	3	7.18
106	276	20	57.78
2712	101	3	9.34
12	2308	3	16.56
272	2297	3	34.19
120	687	4	12.75
2969	1271	3	45.11
121	531	6	20.5
1720	102	5	18.92
2572	123	3	20.89
103	297	12	14.56
882	151	3	14.66
103	177	35	53.51
57	295	6	9.85
116	644	4	10.92
58	206	6	7.55
1804	101	5	15.58
152	231	4	9.72
797	272	3	22.02
102	2961	3	11.35
371	700	3	23.68
154	1075	8	73.05
110	1046	3	7.11
846	101	7	11.01
1244	109	4	12.25
3077	133	3	23.05
355	123	8	26.26
107	366	6	7.02
311	306	3	16.01
57	1500	3	11.22
550	137	5	21.68
101	866	7	11.01
161	2246	3	23.55
302	130	4	7.44
361	149	5	20.15
561	111	4	7.57
187	594	5	32
1387	102	5	13.84
484	122	5	14.73
127	1109	8	58.89
582	103	6	8.82
2816	3079	3	54.67
2810	101	3	9.34
568	101	13	29.7
453	1019	3	27.88
304	664	13	157.71
1716	648	5	68.68
142	267	4	9.25
145	680	3	11.99
113	787	3	7.07
538	123	10	51.07
118	1167	3	10.48
1131	12	3	7.52
756	878	3	29.57
1314	2445	3	46.35
109	161	14	7.04
116	391	4	6.79
154	1440	3	19
291	253	3	13.66
2758	110	3	17.1
126	103	106	152.55
242	112	7	9.4
881	107	4	8.29
167	118	11	11.28
346	124	5	11.07
1502	1944	3	41.85
625	158	3	13.81
103	1652	3	6.75
1595	21	3	11.19
119	101	120	26.53
102	911	9	34.07
133	161	20	60.48
154	159	8	19.45
121	126	18	8.58
272	661	3	20.21
171	57	16	26.64
908	111	3	7.03
199	326	3	12.19
687	461	4	37.64
121	592	5	16.5
1835	12	4	22.09
157	143	9	17.25
106	125	52	41.36
802	58	3	9.78
360	109	6	7.67
504	140	3	9.4
1475	109	4	14.03
288	874	10	117.66
1882	1837	4	70.59
490	105	7	12.24
122	162	9	8.07
789	109	5	12.44
373	1513	6	74.03
119	1323	3	11.7
110	1360	4	15.4
14	189	66	11.64
2758	361	3	36.58
108	661	6	14.87
108	840	5	13.35
1134	518	6	74.11
124	1507	6	41.84
673	204	4	26.15
490	148	5	23.63
211	104	12	7.19
175	135	7	10.63
192	102	20	10.19
136	57	30	41.45
112	207	8	8.33
1631	140	5	41.38
185	107	27	52.82
1830	298	4	46.48
626	116	5	16.15
3079	101	3	9.34
1244	2110	4	61.03
12	1012	3	6.63
2572	127	3	22.03
115	213	15	39.36
583	105	9	25.61
110	371	5	6.95
271	150	3	7.16
2927	102	3	11.35
485	177	3	13.46
113	1198	3	10.07
206	135	10	28.12
2189	106	3	11.09
2594	1167	3	45.11
560	110	9	31.9
104	1248	4	9.47
439	108	6	9.99
1283	104	4	9.47
164	1214	3	18.55
239	57	7	9.79
149	749	3	13.81
948	104	4	7.09
205	810	3	18.92
245	400	3	15.82
104	1400	4	11.19
545	21	15	88.88
1392	105	4	11.79
522	58	4	11.5
430	105	6	6.85
116	434	5	12.03
140	118	41	98.95
248	124	8	17.38
109	210	20	41.73
111	822	4	10.99
280	520	4	28.04
453	1002	3	27.88
437	57	6	15.98
6	128	5	32.04
21	1299	4	14.38
129	14	235	17.74
12	1574	4	17.22
2	109	42	21.85
191	141	11	33.92
502	101	9	8.32
57	1293	3	10.06
106	9	4	10.12
149	240	4	9.69
149	164	7	14.16
316	154	3	8.71
158	261	3	7.51
246	105	14	19.33
482	106	5	7.03
1944	163	3	23.49
305	714	12	145.02
12	14	606	16.54
387	104	7	7.86
121	622	4	11.86
461	608	4	35.32
153	110	16	10.51
101	2246	4	12.46
21	198	11	12.81
108	1384	3	8
561	2818	3	39.66
123	453	7	25.45
402	103	8	9.92
158	473	3	11.74
112	835	3	7.32
182	154	4	6.63
106	2019	4	20.57
218	231	4	15.94
2	358	8	27.55
2297	116	3	19.71
125	105	76	85.97
1097	2848	3	44.08
1014	108	3	6.91
1318	12	4	14.71
177	134	6	6.72
227	510	3	16.77
149	116	27	56.91
1604	145	5	42.1
101	704	9	15.97
107	206	18	28.23
445	136	3	7.86
102	552	8	11.84
120	461	5	13.61
1062	108	6	23.08
620	119	4	11.02
254	153	6	21.24
3085	767	3	41.78
186	282	3	9.94
1097	108	6	23.08
739	123	4	13.88
2900	119	3	19.79
156	256	3	7.06
108	2848	3	15.88
107	1485	4	13.5
528	439	3	22.69
394	118	5	10.62
135	206	10	28.12
558	112	4	8.8
1753	101	4	7.93
2138	105	4	19.04
57	141	15	8.9
222	116	14	35.74
106	1886	4	20.57
135	408	8	36.23
292	130	4	7.21
104	2146	3	9.51
130	703	3	9.42
105	2055	3	9.97
180	306	4	15.86
12	1319	3	8.64
101	2243	4	12.46
127	680	3	8.99
675	132	3	9.74
516	123	4	10.62
351	468	3	20.17
820	125	3	10.06
438	131	4	11.22
205	355	6	35.63
101	1111	8	24.93
124	674	3	7.95
489	2141	4	52.04
107	408	21	109.8
2212	112	3	14.52
12	888	7	29.41
115	136	20	16.35
107	2254	4	20.83
115	347	6	13.15
120	837	3	8.28
110	492	5	9.34
729	121	7	33.7
133	539	6	26.38
130	1618	5	37.53
102	691	9	21.56
2234	102	3	7.18
124	161	9	8.57
922	102	5	7.86
105	3143	3	14.28
231	102	19	19.18
175	146	9	22.38
2782	153	3	26.92
1570	12	4	17.22
206	1417	6	62.44
2685	218	3	31.85
126	603	4	13.08
101	1296	7	21.81
664	304	13	157.71
400	245	3	15.82
141	136	13	19.06
213	150	4	8.93
253	112	7	9.97
128	1797	3	15.78
2498	2414	3	54.67
381	105	11	22.91
2254	107	4	20.83
12	2082	3	12.19
235	103	13	10.49
486	140	3	9.4
1502	2572	3	46.35
196	2	8	12.55
257	106	15	29.97
2848	108	3	15.88
135	667	3	10.13
1613	108	3	9.45
909	106	4	9
101	1549	5	15.58
457	115	4	8.15
57	910	3	8.32
170	288	3	9.17
107	667	6	14.38
115	2890	3	19.6
107	719	5	10.81
216	57	10	17.28
403	133	10	48.56
192	1242	3	20.84
101	346	16	21.48
123	661	3	7.47
790	21	4	9.95
102	2150	3	7.18
461	222	3	16.26
667	140	3	11.07
101	3086	3	9.34
346	101	16	21.48
2213	3044	3	50.17
1783	425	3	31.04
123	672	4	13.09
439	332	3	19.57
366	2146	4	48.96
101	2993	3	9.34
106	2818	3	15.43
133	184	19	66.44
556	130	6	25.29
798	12	6	20.21
286	106	10	14.09
230	179	3	7.83
105	1138	4	10.06
226	788	3	19.54
2287	102	3	7.18
116	520	13	70.52
318	106	8	10.84
2431	128	3	22.41
235	214	3	10.34
1	290	5	8.48
953	103	5	10.27
101	1503	6	18.7
601	105	5	7.3
313	101	25	56.68
102	1720	5	18.92
124	1346	3	12.76
111	713	4	9.38
112	185	27	80.27
1619	58	3	15
288	951	3	23.14
106	1529	3	9.01
1219	113	3	10.07
111	1042	4	13.15
1461	114	3	11.42
1468	120	3	11.89
1305	104	6	22.08
726	12	7	24.79
153	2066	4	35.93
1	484	4	10.1
141	122	14	11.3
1	544	4	11.13
332	456	3	19.92
1797	128	3	15.78
105	123	44	8.21
184	161	16	76.46
931	135	3	12.57
157	190	10	37.11
128	501	5	17.37
1265	114	3	10.26
557	287	3	19.62
947	120	3	8.96
2015	115	3	15.18
276	204	4	16.8
1792	119	3	13.21
326	148	3	8.07
366	104	8	9.65
1435	102	4	8.15
1471	137	3	16.01
269	110	8	10.83
312	142	7	27.17
600	266	3	19.54
139	2901	3	24.54
118	1621	5	32.93
57	14	394	28.39
106	1933	3	11.09
180	3140	3	29.24
1004	12	7	32.79
57	170	18	34.31
195	298	5	23.65
2303	298	3	34.76
940	116	3	8.71
661	101	7	6.7
518	2504	3	39.23
1696	103	3	6.75
756	112	3	6.73
619	1522	6	81.9
1098	121	3	10.22
812	700	3	28.97
579	441	5	45.88
401	101	11	8.98
1046	110	3	7.11
119	739	3	7.5
101	629	8	9.97
104	2004	3	9.51
227	495	6	43.41
205	148	4	7.34
850	122	3	8.95
2341	108	3	15.88
123	163	16	30.36
428	144	4	13.96
2573	123	3	20.89
907	127	3	10.88
1018	105	4	8.73
12	276	23	84.19
127	907	3	10.88
1075	154	8	73.05
398	138	4	12.39
110	708	5	13.04
110	843	10	57.11
1809	106	5	25.72
158	169	6	13.64
9	116	4	15.5
187	595	4	23.42
428	138	3	8.13
118	397	4	6.83
111	258	15	41.01
103	476	7	8.95
112	1075	3	8.78
867	121	3	8.73
2	152	21	46.5
843	136	3	11.87
101	1955	4	12.46
380	122	4	7.6
1	617	3	7.01
226	205	4	14.59
965	12	5	15.77
218	2685	3	31.85
661	123	3	7.47
111	2820	3	17.86
214	536	3	16.53
292	108	7	7.13
58	153	9	7.74
152	115	17	22.42
109	1080	8	42.82
169	109	13	7.12
736	1568	3	35.72
700	414	3	24.3
104	1035	5	13.06
379	441	5	40.07
146	261	5	14.3
57	176	11	12.42
57	58	123	462.34
102	147	32	6.74
911	152	3	15.5
3121	233	3	32.63
101	865	8	15.87
12	516	6	13.28
460	166	3	12.21
173	14	83	14.65
123	1001	4	17.02
123	1053	3	10.62
157	144	9	17.35
2243	840	4	57.13
178	317	3	10.4
204	673	4	26.15
1569	12	3	10.09
155	1612	5	46.2
119	502	10	43.63
206	122	8	11.99
106	3079	3	15.43
101	2712	3	9.34
2993	101	3	9.34
115	103	72	18.15
14	138	168	14.34
116	272	15	52.68
185	210	3	7.37
112	111	42	16.45
2616	108	3	15.88
106	1473	3	7.58
104	451	7	9.74
904	104	9	41.45
122	161	17	33.67
111	921	3	7.03
108	2560	3	15.88
119	1324	3	11.7
126	302	4	6.87
156	694	4	21.57
119	1525	3	13.21
2209	106	3	11.09
1615	303	5	58.61
369	2193	4	48.96
109	107	85	21.98
899	909	9	144.23
118	2369	3	19.74
377	109	8	15.23
433	121	4	8.75
702	116	4	11.62
128	736	10	75.01
2290	263	4	45.24
106	456	12	39.86
1214	104	4	9.47
1960	106	4	20.57
113	1470	3	11.23
2119	104	3	9.51
103	1757	3	6.75
515	128	3	7.6
1595	157	3	20.85
12	2445	3	16.56
102	912	9	34.07
608	461	4	35.32
829	2627	3	42.45
12	817	4	9.41
154	207	5	12.55
1245	106	4	11.49
133	253	5	9.82
1264	111	3	8.72
107	848	4	8.29
367	121	4	7.02
300	103	10	9.47
122	464	4	9.46
103	1037	4	7.21
440	129	4	11.06
212	725	3	18.32
3119	150	3	26.92
207	102	48	132.65
381	477	5	41.37
109	209	20	40.16
109	253	9	9.93
2050	975	4	58.23
1324	119	3	11.7
14	123	297	10.37
1384	108	3	8
14	173	83	14.65
356	1230	3	27.31
103	706	5	7.07
518	298	6	49.02
322	201	3	12.29
122	210	7	9.97
103	857	6	13.51
720	109	5	11.44
144	428	4	13.96
102	609	7	9.37
12	2141	3	12.19
106	113	52	13.98
1053	103	5	11.81
101	401	11	8.98
167	455	3	12.28
115	266	6	9.11
680	275	3	20.76
1507	1615	5	80.6
318	1225	3	26.06
116	1569	3	13.13
127	225	5	7.03
314	104	8	7.09
106	622	8	24.65
1007	12	4	11.52
856	57	3	7.64
101	914	8	19.13
326	120	5	9.05
2243	108	3	11.53
911	108	6	20.77
455	57	6	16.68
111	1122	3	7.8
1058	115	4	15.36
1491	107	4	13.5
209	58	7	11.21
101	2245	4	12.46
1134	1830	4	61.03
306	114	11	33.77
162	147	7	12.72
21	281	8	12.96
110	1819	5	28.51
562	118	6	20.01
1344	108	3	8
146	306	4	11.31
125	12	36	19.31
1471	102	5	13.84
414	520	3	22.36
528	106	5	7.59
163	379	3	10.53
959	117	3	8.74
101	2048	4	12.46
2475	102	3	11.35
142	105	27	9.97
12	1524	4	17.22
114	105	127	174.22
118	2868	3	19.74
461	812	6	65.49
907	21	9	53.23
21	385	6	11.37
1225	128	3	13.05
111	1514	3	9.86
120	1602	3	13.4
58	114	30	25.91
2055	105	3	9.97
12	1141	7	38.69
1757	103	3	6.75
1150	105	4	10.06
12	1320	4	14.71
146	175	9	22.38
2521	111	3	17.86
492	149	6	31.35
299	133	6	16.79
1832	123	3	16.45
101	1110	8	24.93
102	177	27	17.31
153	231	4	9.85
105	702	7	18.01
101	2244	4	12.46
2597	118	3	19.74
129	1245	3	13.05
128	397	4	9.9
272	541	4	28.38
1503	498	6	79.85
172	242	5	17.91
567	101	10	14.44
12	58	90	183.15
272	116	15	52.68
205	12	39	146.42
930	108	4	9.55
1297	163	7	65.56
885	1	3	9.09
302	239	3	13.42
57	576	4	9.79
1528	106	3	9.01
103	402	8	9.92
163	246	3	7.22
1043	2466	3	44.08
111	115	32	7.37
125	477	6	22.38
142	121	13	8.94
714	101	12	37.42
109	641	7	20.36
140	674	3	11.58
1150	355	7	86.72
128	1490	5	32.04
538	729	8	96.47
108	2213	4	21.18
104	103	211	84.71
222	1000	3	21.43
542	205	5	32.95
130	597	4	13.72
1587	12	3	10.09
58	952	3	10.49
109	132	38	26.48
272	797	3	22.02
517	139	3	9.53
461	120	5	13.61
511	495	3	23.02
377	282	3	16.69
161	122	17	33.67
729	477	4	37.64
101	3085	3	9.34
109	1403	3	8.15
106	2854	3	15.43
161	299	5	19.91
107	666	8	25.14
115	2889	3	19.6
12	2411	3	16.56
598	121	3	6.66
113	1323	3	11.23
102	690	6	8.03
262	101	21	22.45
101	602	9	12.16
1643	212	3	25.02
189	2760	3	30.26
118	803	3	8.05
12	887	6	22.09
189	520	6	39.76
105	1470	5	18.6
14	102	1413	9.72
595	187	4	23.42
101	1297	7	21.81
949	101	6	8.66
2620	547	3	39.66
109	491	6	11.59
153	2065	4	35.93
297	101	15	10.56
141	224	6	14.75
1507	303	6	70.56
104	468	6	7.23
112	230	7	8.6
1941	671	4	57.13
1054	104	4	8.16
176	980	9	87.95
112	57	38	20.78
113	398	6	14.17
102	2127	3	7.18
764	2057	3	37.28
538	936	3	28.21
617	1	3	7.01
122	184	11	18.5
942	111	4	11.98
157	340	3	9.64
104	1283	4	9.47
111	1658	3	11.34
432	659	3	23.75
110	404	5	7.36
458	109	5	7.32
127	219	10	25.26
110	584	7	21.36
3082	101	3	9.34
127	143	14	16.34
621	116	4	10.92
331	101	12	8.13
115	2	25	14.67
680	169	3	15.36
110	329	6	8.11
106	2817	3	15.43
110	254	7	7.02
120	926	4	14.66
918	145	9	76.01
798	105	4	6.75
12	700	5	12.23
2146	107	4	20.83
1626	109	3	9.59
1281	107	3	6.67
501	865	4	38.6
126	1504	3	13.82
104	1493	4	11.19
697	246	3	19.78
251	1954	4	44.58
146	1106	3	15.15
106	1351	3	7.58
2	642	3	7.92
112	364	8	21.39
101	1504	6	18.7
2816	1933	3	50.17
2150	102	3	7.18
1129	106	4	11.49
102	1721	5	18.92
1050	101	6	10.64
303	2730	3	34.96
107	1513	6	31.26
2559	145	3	25.22
111	203	9	8.68
1713	103	3	6.75
116	2297	3	19.71
111	338	7	13.94
135	242	8	24.02
2837	138	3	24.46
139	571	3	10.36
627	106	8	24.65
568	173	3	14.04
117	252	6	8.27
254	110	7	7.02
786	104	5	9.11
214	151	4	8.69
477	106	7	14.57
351	104	10	15.56
107	3111	3	15.62
200	115	9	12.1
128	14	236	20.93
21	495	6	14.55
120	497	4	9.05
147	12	95	376.28
470	155	8	49.62
111	1609	3	11.34
106	1023	4	10.12
118	394	5	10.62
1954	251	4	44.58
428	143	5	19.79
408	112	8	23.77
1459	112	5	26.25
102	134	47	6.9
439	965	3	26.66
118	140	41	98.95
366	103	12	21.69
1000	110	4	12.19
1315	12	3	8.64
1463	106	3	7.58
141	689	5	25.43
661	102	6	7.05
745	106	4	7.26
108	130	32	12.22
58	280	5	9.25
58	204	13	34.35
1830	2504	3	50.17
180	3139	3	29.24
130	1460	4	22.46
2299	276	3	34.19
105	114	127	174.22
171	169	6	15.52
102	2640	3	11.35
121	397	4	7.65
119	2774	3	19.79
471	101	10	10.22
583	131	4	13.79
2697	103	3	12.99
224	141	6	14.75
1780	103	3	6.75
123	1017	3	10.62
2815	102	3	11.35
132	675	3	9.74
2272	110	3	12.72
335	12	6	7.66
104	587	6	10.18
1619	57	4	20.81
103	615	7	12.63
111	957	3	7.03
231	153	4	9.85
130	114	19	8.61
105	1392	4	11.79
364	185	24	245.83
108	704	4	7.08
109	178	18	19.98
179	158	4	6.81
108	1111	6	23.08
2298	12	3	16.56
104	211	12	7.19
119	1391	3	11.7
108	2243	3	11.53
155	470	8	49.62
113	257	6	8.1
639	179	13	128.48
1288	108	3	6.91
1023	205	5	41.39
725	126	3	8.95
2057	3084	3	50.17
676	106	9	33.32
256	120	6	8.91
189	315	3	11.3
392	219	3	14.51
154	228	5	14.74
141	1310	3	15.43
736	2348	3	42.45
210	158	4	9.52
1504	101	6	18.7
224	2249	4	42.88
107	307	8	10.74
282	107	11	18.07
107	101	186	7.36
634	109	7	20.36
1225	101	6	13.43
282	162	3	8.26
106	909	4	9
177	118	9	8.39
121	654	7	30.31
101	2469	3	9.34
106	2294	3	15.43
295	57	6	9.85
753	108	4	7.79
133	631	3	9.44
627	12	6	16.12
1819	110	5	28.51
129	126	16	11.58
452	120	4	8.6
120	1273	3	10.72
579	379	14	181.19
140	724	3	11.58
2767	108	3	15.88
254	102	19	24.48
1043	2504	3	44.08
1641	121	3	13.88
414	116	9	32.56
125	591	3	7.94
2886	164	3	28.03
103	356	8	8.6
2	196	8	12.55
122	734	3	8.34
111	596	4	8.11
216	1722	5	53.29
57	112	38	20.78
116	661	8	35.71
1134	1043	7	109.67
303	123	5	9.07
704	120	3	7.14
152	102	43	34.03
306	144	4	10.72
12	456	14	58.97
544	1	4	11.13
58	1619	3	15
226	1365	6	65.12
132	107	28	7.28
101	949	6	8.66
2597	121	3	20.48
209	112	15	33.98
108	1451	4	13.84
162	334	4	15.42
272	434	7	55.73
1000	263	3	23.29
3111	183	3	29.56
128	514	8	38.13
1408	21	3	9.71
474	12	7	16.06
205	569	5	33.79
1538	110	3	10.61
187	102	21	10.4
143	259	4	9.1
355	205	6	35.63
107	398	16	58.68
983	237	3	21.36
294	312	4	23.35
123	1342	4	20.35
218	172	4	11.06
1151	2303	3	45.11
106	1952	3	11.09
910	266	3	22.6
102	1387	5	13.84
339	909	9	111.56
1135	125	4	19.82
1150	107	4	11.73
21	1595	3	11.19
1135	381	3	27.31
237	2	5	6.76
129	113	19	7.67
727	109	11	58.92
12	1559	4	17.22
201	307	3	11.85
1528	12	3	10.09
2176	102	3	7.18
107	1491	4	13.5
102	1209	5	11.2
1886	740	4	56.17
205	106	11	7.73
289	102	14	15.03
3083	2016	3	50.17
874	288	10	117.66
194	111	18	36.86
1368	119	6	39.62
120	475	5	13.01
118	2776	3	19.74
110	609	5	11.33
105	967	4	7.65
147	150	7	10.7
114	118	29	12.28
107	2957	3	15.62
172	307	3	9.85
1271	107	3	6.67
1062	103	4	7.21
150	388	3	9.82
103	1788	3	6.75
144	158	8	14.02
1530	123	3	14.28
1012	12	3	6.63
3127	110	3	17.1
115	384	4	6.67
101	3084	3	9.34
356	137	4	11.73
392	102	11	14.74
110	252	7	6.75
108	1062	6	23.08
1493	104	4	11.19
1	139	14	10.74
105	1305	5	15.82
919	130	4	17.88
1474	102	4	8.15
107	1929	4	20.83
2776	118	3	19.74
257	105	13	17.99
755	125	3	9.44
126	129	16	11.58
104	315	8	7.09
111	942	4	11.98
645	112	4	9.98
137	1471	3	16.01
14	110	548	7.49
2272	3127	3	50.17
296	188	5	23.19
12	1057	3	6.63
12	997	3	6.63
105	128	68	73.4
769	126	3	9.5
2938	120	3	19.99
432	749	9	106.28
865	1703	3	35.72
124	303	7	17.19
144	360	3	7.65
409	101	11	9.95
878	756	3	29.57
109	216	19	39.1
2776	107	3	15.62
106	1245	4	11.49
1217	2730	3	45.11
610	1804	5	67.76
106	482	5	7.03
131	116	23	17.16
2504	1134	3	45.11
101	331	12	8.13
101	256	23	26.52
115	467	4	8.15
12	669	11	54.11
174	110	12	8.52
106	2838	3	15.43
133	216	5	7.72
110	177	14	13.58
1823	122	5	34.56
105	513	6	9.34
209	878	4	28.52
184	133	19	66.44
161	419	4	17.7
161	359	3	10.34
105	257	13	17.99
110	553	5	10.6
120	854	4	13.63
729	106	9	36.23
150	147	7	10.7
327	537	3	20.45
178	109	18	19.98
266	2780	3	34.02
157	21	25	42.47
157	309	4	13.99
2818	101	3	9.34
122	147	12	9.79
1242	192	3	20.84
112	141	15	7.83
136	58	25	42.6
217	2886	3	31.85
14	115	364	7.09
2110	1244	4	61.03
1141	123	3	11.58
1977	102	3	7.18
528	12	5	9.18
276	1525	3	27.48
125	106	52	41.36
1850	108	4	21.18
2481	269	3	34.02
141	2620	3	24.87
119	1681	3	13.21
109	1030	6	23.38
668	222	4	27.51
58	171	21	60.95
562	121	6	21.41
108	103	135	37.01
159	118	31	88.67
208	1604	5	51.94
298	1134	7	82.08
432	116	4	7.49
1049	103	4	7.21
1230	356	3	27.31
3111	107	3	15.62
797	116	4	13.28
604	2245	4	53.84
749	280	3	21.53
1296	707	7	99.4
106	737	5	11.51
118	159	31	88.67
205	542	5	32.95
132	200	8	16.22
101	661	7	6.7
874	106	4	8.06
103	1360	4	10.18
246	106	11	13.7
121	803	10	68.46
117	131	51	108.61
513	105	6	9.34
437	58	5	14.93
600	2780	3	40.12
1124	124	8	55.83
1102	155	8	74.17
916	111	4	11.98
108	2711	3	15.88
103	454	7	8.95
12	1530	3	10.09
739	205	6	47.33
139	435	3	8.5
128	1457	4	22.36
965	106	4	9
447	742	3	25.23
1229	236	3	23.24
1825	141	4	28.21
191	112	8	6.81
104	643	5	7.37
288	101	15	9.79
2957	112	3	18.93
104	846	5	10.2
3087	101	3	9.34
1826	58	3	15
1954	118	4	26.33
105	2138	4	19.04
12	259	11	19.18
2524	12	3	16.56
1105	386	6	66.25
259	144	9	35.41
1250	126	3	12.62
21	299	30	169.86
190	335	3	11.87
21	122	38	22.49
105	755	5	9.81
1315	119	3	11.7
114	509	6	17.84
516	205	3	15.76
298	1151	7	82.08
240	174	6	23.9
2001	514	4	52.6
1123	103	4	7.21
111	1288	3	8.72
102	254	19	24.48
1198	113	3	10.07
326	199	3	12.19
123	434	6	18.94
2297	272	3	34.19
103	235	13	10.49
269	174	3	8.8
112	818	3	7.32
2890	115	3	19.6
165	426	3	11.5
756	1	4	13.86
58	323	6	15.83
2308	205	3	31.06
359	135	9	40.46
112	14	416	23.84
124	1615	5	34.85
844	119	4	13.38
111	908	3	7.03
766	201	11	114.69
196	510	4	22.53
364	112	8	21.39
110	524	5	9.94
171	58	21	60.95
693	118	4	11.66
110	448	5	8.27
1110	217	8	85.78
224	140	4	6.81
184	121	8	8.71
121	598	3	6.66
12	1023	8	44.23
21	628	5	13.06
290	227	6	34.32
150	12	16	8.76
206	117	8	9.95
290	1	5	8.48
454	123	5	14.38
498	104	7	12.19
101	108	321	225.35
2504	1151	3	45.11
102	977	5	7.86
144	204	9	26.72
189	181	4	10.07
105	496	10	25.98
189	116	20	54.65
1019	453	3	27.88
726	439	3	25.23
109	167	14	7.59
207	154	5	12.55
793	101	11	34.3
126	163	9	10.82
368	106	8	13.16
